[5, 4, 0.8, [0, 0]] 
[5, 3, 0.6, [1, 1]] 
[5, 4, 0.8, [2, 2]] 
[5, 4, 0.8, [3, 3]] 
[5, 3, 0.6, [4, 4]] 
[5, 2, 0.4, [5, 5]] 
[5, 2, 0.4, [6, 6]] 
[5, 2, 0.4, [7, 7]] 
[5, 3, 0.6, [8, 8]] 
[5, 2, 0.4, [9, 9]] 
[5, 2, 0.4, [10, 10]] 
[5, 2, 0.4, [11, 11]] 
[5, 1, 0.2, [12, 12]] 
[5, 0, 0.0, [13, 13]] 
[5, 4, 0.8, [14, 0]] 
[5, 3, 0.6, [15, 1]] 
[5, 2, 0.4, [16, 2]] 
[5, 3, 0.6, [17, 3]] 
[5, 2, 0.4, [18, 4]] 
[5, 3, 0.6, [19, 5]] 
[5, 2, 0.4, [20, 6]] 
[5, 3, 0.6, [21, 7]] 
[5, 3, 0.6, [22, 8]] 
[5, 2, 0.4, [23, 9]] 
[5, 3, 0.6, [24, 10]] 
[5, 3, 0.6, [25, 11]] 
[5, 2, 0.4, [26, 12]] 
[5, 2, 0.4, [27, 13]] 
[5, 2, 0.4, [28, 14]] 
[5, 2, 0.4, [29, 15]] 
[5, 2, 0.4, [30, 16]] 
[5, 2, 0.4, [31, 17]] 
[5, 2, 0.4, [32, 18]] 
[5, 2, 0.4, [33, 19]] 
[5, 2, 0.4, [34, 20]] 
[5, 2, 0.4, [35, 21]] 
[5, 2, 0.4, [36, 22]] 
[5, 2, 0.4, [37, 23]] 
[5, 1, 0.2, [38, 24]] 
[5, 1, 0.2, [39, 25]] 
[5, 2, 0.4, [40, 26]] 
[5, 1, 0.2, [41, 27]] 
[5, 1, 0.2, [42, 28]] 
[5, 1, 0.2, [43, 29]] 
[5, 1, 0.2, [44, 30]] 
[5, 4, 0.8, [45, 0]] 
[5, 3, 0.6, [46, 1]] 
[5, 2, 0.4, [47, 2]] 
[5, 2, 0.4, [48, 3]] 
[5, 2, 0.4, [49, 4]] 
[5, 2, 0.4, [50, 5]] 
[5, 2, 0.4, [51, 6]] 
[5, 2, 0.4, [52, 7]] 
[5, 2, 0.4, [53, 8]] 
[5, 2, 0.4, [54, 9]] 
[5, 2, 0.4, [55, 10]] 
[5, 2, 0.4, [56, 11]] 
[5, 2, 0.4, [57, 12]] 
[5, 1, 0.2, [58, 13]] 
[5, 1, 0.2, [59, 14]] 
[5, 0, 0.0, [60, 15]] 
[5, 4, 0.8, [61, 0]] 
[5, 2, 0.4, [62, 1]] 
[5, 2, 0.4, [63, 2]] 
[5, 3, 0.6, [64, 3]] 
[5, 3, 0.6, [65, 4]] 
[5, 3, 0.6, [66, 5]] 
[5, 3, 0.6, [67, 6]] 
[5, 3, 0.6, [68, 7]] 
[5, 3, 0.6, [69, 8]] 
[5, 2, 0.4, [70, 9]] 
[5, 2, 0.4, [71, 10]] 
[5, 0, 0.0, [72, 11]] 
[5, 4, 0.8, [73, 0]] 
[5, 2, 0.4, [74, 1]] 
[5, 2, 0.4, [75, 2]] 
[5, 3, 0.6, [76, 3]] 
[5, 3, 0.6, [77, 4]] 
[5, 2, 0.4, [78, 5]] 
[5, 2, 0.4, [79, 6]] 
[5, 2, 0.4, [80, 7]] 
[5, 2, 0.4, [81, 8]] 
[5, 0, 0.0, [82, 9]] 
[5, 4, 0.8, [83, 0]] 
[5, 3, 0.6, [84, 1]] 
[5, 2, 0.4, [85, 2]] 
[5, 3, 0.6, [86, 3]] 
[5, 1, 0.2, [87, 4]] 
[5, 1, 0.2, [88, 5]] 
[5, 1, 0.2, [89, 6]] 
[5, 1, 0.2, [90, 7]] 
[5, 1, 0.2, [91, 8]] 
[5, 2, 0.4, [92, 9]] 
[5, 2, 0.4, [93, 10]] 
[5, 0, 0.0, [94, 11]] 
[5, 4, 0.8, [95, 0]] 
[5, 2, 0.4, [96, 1]] 
[5, 3, 0.6, [97, 2]] 
[5, 3, 0.6, [98, 3]] 
[5, 3, 0.6, [99, 4]] 
[5, 2, 0.4, [100, 5]] 
[5, 2, 0.4, [101, 6]] 
[5, 1, 0.2, [102, 7]] 
[5, 2, 0.4, [103, 8]] 
[5, 0, 0.0, [104, 9]] 
[5, 4, 0.8, [105, 0]] 
[5, 2, 0.4, [106, 1]] 
[5, 2, 0.4, [107, 2]] 
[5, 4, 0.8, [108, 3]] 
[5, 3, 0.6, [109, 4]] 
[5, 3, 0.6, [110, 5]] 
[5, 3, 0.6, [111, 6]] 
[5, 2, 0.4, [112, 7]] 
[5, 2, 0.4, [113, 8]] 
[5, 2, 0.4, [114, 9]] 
[5, 2, 0.4, [115, 10]] 
[5, 2, 0.4, [116, 11]] 
[5, 1, 0.2, [117, 12]] 
[5, 2, 0.4, [118, 13]] 
[5, 2, 0.4, [119, 14]] 
[5, 2, 0.4, [120, 15]] 
[5, 1, 0.2, [121, 16]] 
[5, 2, 0.4, [122, 17]] 
[5, 1, 0.2, [123, 18]] 
[5, 2, 0.4, [124, 19]] 
[5, 2, 0.4, [125, 20]] 
[5, 2, 0.4, [126, 21]] 
[5, 2, 0.4, [127, 22]] 
[5, 2, 0.4, [128, 23]] 
[5, 2, 0.4, [129, 24]] 
[5, 1, 0.2, [130, 25]] 
[5, 2, 0.4, [131, 26]] 
[5, 1, 0.2, [132, 27]] 
[5, 2, 0.4, [133, 28]] 
[5, 2, 0.4, [134, 29]] 
[5, 2, 0.4, [135, 30]] 
[5, 4, 0.8, [136, 0]] 
[5, 2, 0.4, [137, 1]] 
[5, 3, 0.6, [138, 2]] 
[5, 3, 0.6, [139, 3]] 
[5, 3, 0.6, [140, 4]] 
[5, 0, 0.0, [141, 5]] 
[5, 4, 0.8, [142, 0]] 
[5, 2, 0.4, [143, 1]] 
[5, 2, 0.4, [144, 2]] 
[5, 2, 0.4, [145, 3]] 
[5, 3, 0.6, [146, 4]] 
[5, 3, 0.6, [147, 5]] 
[5, 3, 0.6, [148, 6]] 
[5, 2, 0.4, [149, 7]] 
[5, 2, 0.4, [150, 8]] 
[5, 3, 0.6, [151, 9]] 
[5, 3, 0.6, [152, 10]] 
[5, 2, 0.4, [153, 11]] 
[5, 3, 0.6, [154, 12]] 
[5, 0, 0.0, [155, 13]] 
[5, 4, 0.8, [156, 0]] 
[5, 3, 0.6, [157, 1]] 
[5, 2, 0.4, [158, 2]] 
[5, 3, 0.6, [159, 3]] 
[5, 3, 0.6, [160, 4]] 
[5, 2, 0.4, [161, 5]] 
[5, 2, 0.4, [162, 6]] 
[5, 1, 0.2, [163, 7]] 
[5, 1, 0.2, [164, 8]] 
[5, 1, 0.2, [165, 9]] 
[5, 1, 0.2, [166, 10]] 
[5, 1, 0.2, [167, 11]] 
[5, 1, 0.2, [168, 12]] 
[5, 0, 0.0, [169, 13]] 
[5, 4, 0.8, [170, 0]] 
[5, 3, 0.6, [171, 1]] 
[5, 2, 0.4, [172, 2]] 
[5, 3, 0.6, [173, 3]] 
[5, 3, 0.6, [174, 4]] 
[5, 3, 0.6, [175, 5]] 
[5, 2, 0.4, [176, 6]] 
[5, 2, 0.4, [177, 7]] 
[5, 2, 0.4, [178, 8]] 
[5, 2, 0.4, [179, 9]] 
[5, 1, 0.2, [180, 10]] 
[5, 1, 0.2, [181, 11]] 
[5, 1, 0.2, [182, 12]] 
[5, 1, 0.2, [183, 13]] 
[5, 1, 0.2, [184, 14]] 
[5, 0, 0.0, [185, 15]] 
[5, 4, 0.8, [186, 0]] 
[5, 2, 0.4, [187, 1]] 
[5, 2, 0.4, [188, 2]] 
[5, 3, 0.6, [189, 3]] 
[5, 3, 0.6, [190, 4]] 
[5, 3, 0.6, [191, 5]] 
[5, 3, 0.6, [192, 6]] 
[5, 2, 0.4, [193, 7]] 
[5, 2, 0.4, [194, 8]] 
[5, 2, 0.4, [195, 9]] 
[5, 2, 0.4, [196, 10]] 
[5, 2, 0.4, [197, 11]] 
[5, 1, 0.2, [198, 12]] 
[5, 1, 0.2, [199, 13]] 
[5, 2, 0.4, [200, 14]] 
[5, 2, 0.4, [201, 15]] 
[5, 2, 0.4, [202, 16]] 
[5, 2, 0.4, [203, 17]] 
[5, 2, 0.4, [204, 18]] 
[5, 2, 0.4, [205, 19]] 
[5, 1, 0.2, [206, 20]] 
[5, 1, 0.2, [207, 21]] 
[5, 1, 0.2, [208, 22]] 
[5, 0, 0.0, [209, 23]] 
[5, 4, 0.8, [210, 0]] 
[5, 2, 0.4, [211, 1]] 
[5, 2, 0.4, [212, 2]] 
[5, 3, 0.6, [213, 3]] 
[5, 3, 0.6, [214, 4]] 
[5, 3, 0.6, [215, 5]] 
[5, 3, 0.6, [216, 6]] 
[5, 3, 0.6, [217, 7]] 
[5, 1, 0.2, [218, 8]] 
[5, 2, 0.4, [219, 9]] 
[5, 1, 0.2, [220, 10]] 
[5, 1, 0.2, [221, 11]] 
[5, 1, 0.2, [222, 12]] 
[5, 1, 0.2, [223, 13]] 
[5, 1, 0.2, [224, 14]] 
[5, 0, 0.0, [225, 15]] 
[5, 4, 0.8, [226, 0]] 
[5, 2, 0.4, [227, 1]] 
[5, 3, 0.6, [228, 2]] 
[5, 3, 0.6, [229, 3]] 
[5, 2, 0.4, [230, 4]] 
[5, 1, 0.2, [231, 5]] 
[5, 3, 0.6, [232, 6]] 
[5, 1, 0.2, [233, 7]] 
[5, 1, 0.2, [234, 8]] 
[5, 1, 0.2, [235, 9]] 
[5, 0, 0.0, [236, 10]] 
[5, 4, 0.8, [237, 0]] 
[5, 2, 0.4, [238, 1]] 
[5, 2, 0.4, [239, 2]] 
[5, 3, 0.6, [240, 3]] 
[5, 3, 0.6, [241, 4]] 
[5, 2, 0.4, [242, 5]] 
[5, 2, 0.4, [243, 6]] 
[5, 2, 0.4, [244, 7]] 
[5, 2, 0.4, [245, 8]] 
[5, 2, 0.4, [246, 9]] 
[5, 2, 0.4, [247, 10]] 
[5, 3, 0.6, [248, 11]] 
[5, 1, 0.2, [249, 12]] 
[5, 1, 0.2, [250, 13]] 
[5, 1, 0.2, [251, 14]] 
[5, 0, 0.0, [252, 15]] 
[5, 4, 0.8, [253, 0]] 
[5, 2, 0.4, [254, 1]] 
[5, 2, 0.4, [255, 2]] 
[5, 3, 0.6, [256, 3]] 
[5, 3, 0.6, [257, 4]] 
[5, 2, 0.4, [258, 5]] 
[5, 1, 0.2, [259, 6]] 
[5, 0, 0.0, [260, 7]] 
[5, 4, 0.8, [261, 0]] 
[5, 2, 0.4, [262, 1]] 
[5, 2, 0.4, [263, 2]] 
[5, 3, 0.6, [264, 3]] 
[5, 3, 0.6, [265, 4]] 
[5, 2, 0.4, [266, 5]] 
[5, 3, 0.6, [267, 6]] 
[5, 3, 0.6, [268, 7]] 
[5, 2, 0.4, [269, 8]] 
[5, 2, 0.4, [270, 9]] 
[5, 3, 0.6, [271, 10]] 
[5, 1, 0.2, [272, 11]] 
[5, 0, 0.0, [273, 12]] 
[5, 4, 0.8, [274, 0]] 
[5, 2, 0.4, [275, 1]] 
[5, 2, 0.4, [276, 2]] 
[5, 3, 0.6, [277, 3]] 
[5, 3, 0.6, [278, 4]] 
[5, 2, 0.4, [279, 5]] 
[5, 1, 0.2, [280, 6]] 
[5, 1, 0.2, [281, 7]] 
[5, 1, 0.2, [282, 8]] 
[5, 1, 0.2, [283, 9]] 
[5, 1, 0.2, [284, 10]] 
[5, 1, 0.2, [285, 11]] 
[5, 0, 0.0, [286, 12]] 
[5, 4, 0.8, [287, 0]] 
[5, 2, 0.4, [288, 1]] 
[5, 2, 0.4, [289, 2]] 
[5, 3, 0.6, [290, 3]] 
[5, 3, 0.6, [291, 4]] 
[5, 3, 0.6, [292, 5]] 
[5, 3, 0.6, [293, 6]] 
[5, 2, 0.4, [294, 7]] 
[5, 2, 0.4, [295, 8]] 
[5, 2, 0.4, [296, 9]] 
[5, 1, 0.2, [297, 10]] 
[5, 1, 0.2, [298, 11]] 
[5, 0, 0.0, [299, 12]] 
[5, 4, 0.8, [300, 0]] 
[5, 2, 0.4, [301, 1]] 
[5, 2, 0.4, [302, 2]] 
[5, 3, 0.6, [303, 3]] 
[5, 3, 0.6, [304, 4]] 
[5, 3, 0.6, [305, 5]] 
[5, 2, 0.4, [306, 6]] 
[5, 1, 0.2, [307, 7]] 
[5, 2, 0.4, [308, 8]] 
[5, 1, 0.2, [309, 9]] 
[5, 1, 0.2, [310, 10]] 
[5, 1, 0.2, [311, 11]] 
[5, 1, 0.2, [312, 12]] 
[5, 1, 0.2, [313, 13]] 
[5, 1, 0.2, [314, 14]] 
[5, 2, 0.4, [315, 15]] 
[5, 2, 0.4, [316, 16]] 
[5, 2, 0.4, [317, 17]] 
[5, 2, 0.4, [318, 18]] 
[5, 2, 0.4, [319, 19]] 
[5, 1, 0.2, [320, 20]] 
[5, 1, 0.2, [321, 21]] 
[5, 2, 0.4, [322, 22]] 
[5, 1, 0.2, [323, 23]] 
[5, 2, 0.4, [324, 24]] 
[5, 2, 0.4, [325, 25]] 
[5, 2, 0.4, [326, 26]] 
[5, 2, 0.4, [327, 27]] 
[5, 3, 0.6, [328, 28]] 
[5, 3, 0.6, [329, 29]] 
[5, 2, 0.4, [330, 30]] 
[5, 4, 0.8, [331, 0]] 
[5, 2, 0.4, [332, 1]] 
[5, 2, 0.4, [333, 2]] 
[5, 3, 0.6, [334, 3]] 
[5, 3, 0.6, [335, 4]] 
[5, 2, 0.4, [336, 5]] 
[5, 2, 0.4, [337, 6]] 
[5, 2, 0.4, [338, 7]] 
[5, 2, 0.4, [339, 8]] 
[5, 2, 0.4, [340, 9]] 
[5, 1, 0.2, [341, 10]] 
[5, 1, 0.2, [342, 11]] 
[5, 1, 0.2, [343, 12]] 
[5, 1, 0.2, [344, 13]] 
[5, 1, 0.2, [345, 14]] 
[5, 0, 0.0, [346, 15]] 
[5, 4, 0.8, [347, 0]] 
[5, 3, 0.6, [348, 1]] 
[5, 2, 0.4, [349, 2]] 
[5, 3, 0.6, [350, 3]] 
[5, 2, 0.4, [351, 4]] 
[5, 1, 0.2, [352, 5]] 
[5, 2, 0.4, [353, 6]] 
[5, 1, 0.2, [354, 7]] 
[5, 1, 0.2, [355, 8]] 
[5, 1, 0.2, [356, 9]] 
[5, 2, 0.4, [357, 10]] 
[5, 2, 0.4, [358, 11]] 
[5, 2, 0.4, [359, 12]] 
[5, 2, 0.4, [360, 13]] 
[5, 2, 0.4, [361, 14]] 
[5, 1, 0.2, [362, 15]] 
[5, 1, 0.2, [363, 16]] 
[5, 1, 0.2, [364, 17]] 
[5, 1, 0.2, [365, 18]] 
[5, 1, 0.2, [366, 19]] 
[5, 0, 0.0, [367, 20]] 
[5, 4, 0.8, [368, 0]] 
[5, 2, 0.4, [369, 1]] 
[5, 2, 0.4, [370, 2]] 
[5, 2, 0.4, [371, 3]] 
[5, 2, 0.4, [372, 4]] 
[5, 2, 0.4, [373, 5]] 
[5, 3, 0.6, [374, 6]] 
[5, 2, 0.4, [375, 7]] 
[5, 2, 0.4, [376, 8]] 
[5, 2, 0.4, [377, 9]] 
[5, 2, 0.4, [378, 10]] 
[5, 2, 0.4, [379, 11]] 
[5, 2, 0.4, [380, 12]] 
[5, 2, 0.4, [381, 13]] 
[5, 1, 0.2, [382, 14]] 
[5, 1, 0.2, [383, 15]] 
[5, 1, 0.2, [384, 16]] 
[5, 1, 0.2, [385, 17]] 
[5, 1, 0.2, [386, 18]] 
[5, 1, 0.2, [387, 19]] 
[5, 1, 0.2, [388, 20]] 
[5, 1, 0.2, [389, 21]] 
[5, 1, 0.2, [390, 22]] 
[5, 1, 0.2, [391, 23]] 
[5, 1, 0.2, [392, 24]] 
[5, 1, 0.2, [393, 25]] 
[5, 1, 0.2, [394, 26]] 
[5, 1, 0.2, [395, 27]] 
[5, 1, 0.2, [396, 28]] 
[5, 1, 0.2, [397, 29]] 
[5, 1, 0.2, [398, 30]] 
[5, 4, 0.8, [399, 0]] 
[5, 2, 0.4, [400, 1]] 
[5, 3, 0.6, [401, 2]] 
[5, 3, 0.6, [402, 3]] 
[5, 3, 0.6, [403, 4]] 
[5, 2, 0.4, [404, 5]] 
[5, 2, 0.4, [405, 6]] 
[5, 2, 0.4, [406, 7]] 
[5, 2, 0.4, [407, 8]] 
[5, 2, 0.4, [408, 9]] 
[5, 2, 0.4, [409, 10]] 
[5, 1, 0.2, [410, 11]] 
[5, 2, 0.4, [411, 12]] 
[5, 1, 0.2, [412, 13]] 
[5, 0, 0.0, [413, 14]] 
[5, 4, 0.8, [414, 0]] 
[5, 2, 0.4, [415, 1]] 
[5, 2, 0.4, [416, 2]] 
[5, 3, 0.6, [417, 3]] 
[5, 3, 0.6, [418, 4]] 
[5, 3, 0.6, [419, 5]] 
[5, 3, 0.6, [420, 6]] 
[5, 3, 0.6, [421, 7]] 
[5, 3, 0.6, [422, 8]] 
[5, 3, 0.6, [423, 9]] 
[5, 2, 0.4, [424, 10]] 
[5, 2, 0.4, [425, 11]] 
[5, 2, 0.4, [426, 12]] 
[5, 2, 0.4, [427, 13]] 
[5, 2, 0.4, [428, 14]] 
[5, 2, 0.4, [429, 15]] 
[5, 2, 0.4, [430, 16]] 
[5, 2, 0.4, [431, 17]] 
[5, 2, 0.4, [432, 18]] 
[5, 1, 0.2, [433, 19]] 
[5, 1, 0.2, [434, 20]] 
[5, 1, 0.2, [435, 21]] 
[5, 1, 0.2, [436, 22]] 
[5, 1, 0.2, [437, 23]] 
[5, 1, 0.2, [438, 24]] 
[5, 1, 0.2, [439, 25]] 
[5, 1, 0.2, [440, 26]] 
[5, 1, 0.2, [441, 27]] 
[5, 1, 0.2, [442, 28]] 
[5, 1, 0.2, [443, 29]] 
[5, 1, 0.2, [444, 30]] 
[5, 4, 0.8, [445, 0]] 
[5, 2, 0.4, [446, 1]] 
[5, 3, 0.6, [447, 2]] 
[5, 3, 0.6, [448, 3]] 
[5, 3, 0.6, [449, 4]] 
[5, 3, 0.6, [450, 5]] 
[5, 3, 0.6, [451, 6]] 
[5, 3, 0.6, [452, 7]] 
[5, 3, 0.6, [453, 8]] 
[5, 2, 0.4, [454, 9]] 
[5, 2, 0.4, [455, 10]] 
[5, 2, 0.4, [456, 11]] 
[5, 2, 0.4, [457, 12]] 
[5, 2, 0.4, [458, 13]] 
[5, 2, 0.4, [459, 14]] 
[5, 2, 0.4, [460, 15]] 
[5, 3, 0.6, [461, 16]] 
[5, 2, 0.4, [462, 17]] 
[5, 2, 0.4, [463, 18]] 
[5, 3, 0.6, [464, 19]] 
[5, 3, 0.6, [465, 20]] 
[5, 3, 0.6, [466, 21]] 
[5, 3, 0.6, [467, 22]] 
[5, 3, 0.6, [468, 23]] 
[5, 3, 0.6, [469, 24]] 
[5, 1, 0.2, [470, 25]] 
[5, 1, 0.2, [471, 26]] 
[5, 0, 0.0, [472, 27]] 
[5, 4, 0.8, [473, 0]] 
[5, 2, 0.4, [474, 1]] 
[5, 2, 0.4, [475, 2]] 
[5, 3, 0.6, [476, 3]] 
[5, 3, 0.6, [477, 4]] 
[5, 3, 0.6, [478, 5]] 
[5, 3, 0.6, [479, 6]] 
[5, 3, 0.6, [480, 7]] 
[5, 3, 0.6, [481, 8]] 
[5, 3, 0.6, [482, 9]] 
[5, 3, 0.6, [483, 10]] 
[5, 3, 0.6, [484, 11]] 
[5, 2, 0.4, [485, 12]] 
[5, 2, 0.4, [486, 13]] 
[5, 2, 0.4, [487, 14]] 
[5, 2, 0.4, [488, 15]] 
[5, 2, 0.4, [489, 16]] 
[5, 1, 0.2, [490, 17]] 
[5, 1, 0.2, [491, 18]] 
[5, 1, 0.2, [492, 19]] 
[5, 1, 0.2, [493, 20]] 
[5, 1, 0.2, [494, 21]] 
[5, 1, 0.2, [495, 22]] 
[5, 1, 0.2, [496, 23]] 
[5, 1, 0.2, [497, 24]] 
[5, 1, 0.2, [498, 25]] 
[5, 1, 0.2, [499, 26]] 
[5, 1, 0.2, [500, 27]] 
[5, 1, 0.2, [501, 28]] 
[5, 1, 0.2, [502, 29]] 
[5, 1, 0.2, [503, 30]] 
[5, 4, 0.8, [504, 0]] 
[5, 2, 0.4, [505, 1]] 
[5, 3, 0.6, [506, 2]] 
[5, 3, 0.6, [507, 3]] 
[5, 3, 0.6, [508, 4]] 
[5, 3, 0.6, [509, 5]] 
[5, 3, 0.6, [510, 6]] 
[5, 3, 0.6, [511, 7]] 
[5, 2, 0.4, [512, 8]] 
[5, 2, 0.4, [513, 9]] 
[5, 2, 0.4, [514, 10]] 
[5, 2, 0.4, [515, 11]] 
[5, 2, 0.4, [516, 12]] 
[5, 2, 0.4, [517, 13]] 
[5, 2, 0.4, [518, 14]] 
[5, 2, 0.4, [519, 15]] 
[5, 2, 0.4, [520, 16]] 
[5, 2, 0.4, [521, 17]] 
[5, 2, 0.4, [522, 18]] 
[5, 2, 0.4, [523, 19]] 
[5, 2, 0.4, [524, 20]] 
[5, 1, 0.2, [525, 21]] 
[5, 1, 0.2, [526, 22]] 
[5, 1, 0.2, [527, 23]] 
[5, 1, 0.2, [528, 24]] 
[5, 1, 0.2, [529, 25]] 
[5, 1, 0.2, [530, 26]] 
[5, 2, 0.4, [531, 27]] 
[5, 2, 0.4, [532, 28]] 
[5, 0, 0.0, [533, 29]] 
[5, 4, 0.8, [534, 0]] 
[5, 3, 0.6, [535, 1]] 
[5, 2, 0.4, [536, 2]] 
[5, 3, 0.6, [537, 3]] 
[5, 3, 0.6, [538, 4]] 
[5, 2, 0.4, [539, 5]] 
[5, 2, 0.4, [540, 6]] 
[5, 2, 0.4, [541, 7]] 
[5, 2, 0.4, [542, 8]] 
[5, 2, 0.4, [543, 9]] 
[5, 2, 0.4, [544, 10]] 
[5, 2, 0.4, [545, 11]] 
[5, 2, 0.4, [546, 12]] 
[5, 2, 0.4, [547, 13]] 
[5, 2, 0.4, [548, 14]] 
[5, 2, 0.4, [549, 15]] 
[5, 2, 0.4, [550, 16]] 
[5, 2, 0.4, [551, 17]] 
[5, 2, 0.4, [552, 18]] 
[5, 2, 0.4, [553, 19]] 
[5, 2, 0.4, [554, 20]] 
[5, 2, 0.4, [555, 21]] 
[5, 1, 0.2, [556, 22]] 
[5, 1, 0.2, [557, 23]] 
[5, 1, 0.2, [558, 24]] 
[5, 1, 0.2, [559, 25]] 
[5, 1, 0.2, [560, 26]] 
[5, 1, 0.2, [561, 27]] 
[5, 1, 0.2, [562, 28]] 
[5, 2, 0.4, [563, 29]] 
[5, 1, 0.2, [564, 30]] 
[5, 4, 0.8, [565, 0]] 
[5, 3, 0.6, [566, 1]] 
[5, 3, 0.6, [567, 2]] 
[5, 2, 0.4, [568, 3]] 
[5, 3, 0.6, [569, 4]] 
[5, 3, 0.6, [570, 5]] 
[5, 2, 0.4, [571, 6]] 
[5, 2, 0.4, [572, 7]] 
[5, 2, 0.4, [573, 8]] 
[5, 2, 0.4, [574, 9]] 
[5, 2, 0.4, [575, 10]] 
[5, 2, 0.4, [576, 11]] 
[5, 3, 0.6, [577, 12]] 
[5, 3, 0.6, [578, 13]] 
[5, 2, 0.4, [579, 14]] 
[5, 2, 0.4, [580, 15]] 
[5, 2, 0.4, [581, 16]] 
[5, 2, 0.4, [582, 17]] 
[5, 2, 0.4, [583, 18]] 
[5, 2, 0.4, [584, 19]] 
[5, 2, 0.4, [585, 20]] 
[5, 2, 0.4, [586, 21]] 
[5, 2, 0.4, [587, 22]] 
[5, 2, 0.4, [588, 23]] 
[5, 2, 0.4, [589, 24]] 
[5, 2, 0.4, [590, 25]] 
[5, 2, 0.4, [591, 26]] 
[5, 2, 0.4, [592, 27]] 
[5, 3, 0.6, [593, 28]] 
[5, 2, 0.4, [594, 29]] 
[5, 2, 0.4, [595, 30]] 
[5, 4, 0.8, [596, 0]] 
[5, 4, 0.8, [597, 1]] 
[5, 3, 0.6, [598, 2]] 
[5, 3, 0.6, [599, 3]] 
[5, 2, 0.4, [600, 4]] 
[5, 2, 0.4, [601, 5]] 
[5, 2, 0.4, [602, 6]] 
[5, 2, 0.4, [603, 7]] 
[5, 2, 0.4, [604, 8]] 
[5, 3, 0.6, [605, 9]] 
[5, 2, 0.4, [606, 10]] 
[5, 2, 0.4, [607, 11]] 
[5, 2, 0.4, [608, 12]] 
[5, 2, 0.4, [609, 13]] 
[5, 1, 0.2, [610, 14]] 
[5, 1, 0.2, [611, 15]] 
[5, 1, 0.2, [612, 16]] 
[5, 0, 0.0, [613, 17]] 
[5, 4, 0.8, [614, 0]] 
[5, 3, 0.6, [615, 1]] 
[5, 3, 0.6, [616, 2]] 
[5, 3, 0.6, [617, 3]] 
[5, 2, 0.4, [618, 4]] 
[5, 2, 0.4, [619, 5]] 
[5, 2, 0.4, [620, 6]] 
[5, 2, 0.4, [621, 7]] 
[5, 2, 0.4, [622, 8]] 
[5, 2, 0.4, [623, 9]] 
[5, 2, 0.4, [624, 10]] 
[5, 2, 0.4, [625, 11]] 
[5, 2, 0.4, [626, 12]] 
[5, 2, 0.4, [627, 13]] 
[5, 2, 0.4, [628, 14]] 
[5, 2, 0.4, [629, 15]] 
[5, 2, 0.4, [630, 16]] 
[5, 2, 0.4, [631, 17]] 
[5, 2, 0.4, [632, 18]] 
[5, 1, 0.2, [633, 19]] 
[5, 2, 0.4, [634, 20]] 
[5, 2, 0.4, [635, 21]] 
[5, 2, 0.4, [636, 22]] 
[5, 2, 0.4, [637, 23]] 
[5, 2, 0.4, [638, 24]] 
[5, 2, 0.4, [639, 25]] 
[5, 2, 0.4, [640, 26]] 
[5, 1, 0.2, [641, 27]] 
[5, 1, 0.2, [642, 28]] 
[5, 1, 0.2, [643, 29]] 
[5, 1, 0.2, [644, 30]] 
[5, 4, 0.8, [645, 0]] 
[5, 3, 0.6, [646, 1]] 
[5, 3, 0.6, [647, 2]] 
[5, 2, 0.4, [648, 3]] 
[5, 2, 0.4, [649, 4]] 
[5, 2, 0.4, [650, 5]] 
[5, 2, 0.4, [651, 6]] 
[5, 2, 0.4, [652, 7]] 
[5, 2, 0.4, [653, 8]] 
[5, 1, 0.2, [654, 9]] 
[5, 1, 0.2, [655, 10]] 
[5, 2, 0.4, [656, 11]] 
[5, 2, 0.4, [657, 12]] 
[5, 2, 0.4, [658, 13]] 
[5, 2, 0.4, [659, 14]] 
[5, 2, 0.4, [660, 15]] 
[5, 1, 0.2, [661, 16]] 
[5, 1, 0.2, [662, 17]] 
[5, 2, 0.4, [663, 18]] 
[5, 2, 0.4, [664, 19]] 
[5, 2, 0.4, [665, 20]] 
[5, 2, 0.4, [666, 21]] 
[5, 2, 0.4, [667, 22]] 
[5, 3, 0.6, [668, 23]] 
[5, 3, 0.6, [669, 24]] 
[5, 3, 0.6, [670, 25]] 
[5, 3, 0.6, [671, 26]] 
[5, 2, 0.4, [672, 27]] 
[5, 2, 0.4, [673, 28]] 
[5, 2, 0.4, [674, 29]] 
[5, 2, 0.4, [675, 30]] 
[5, 4, 0.8, [676, 0]] 
[5, 3, 0.6, [677, 1]] 
[5, 3, 0.6, [678, 2]] 
[5, 2, 0.4, [679, 3]] 
[5, 2, 0.4, [680, 4]] 
[5, 2, 0.4, [681, 5]] 
[5, 2, 0.4, [682, 6]] 
[5, 3, 0.6, [683, 7]] 
[5, 3, 0.6, [684, 8]] 
[5, 1, 0.2, [685, 9]] 
[5, 1, 0.2, [686, 10]] 
[5, 1, 0.2, [687, 11]] 
[5, 2, 0.4, [688, 12]] 
[5, 1, 0.2, [689, 13]] 
[5, 2, 0.4, [690, 14]] 
[5, 2, 0.4, [691, 15]] 
[5, 2, 0.4, [692, 16]] 
[5, 2, 0.4, [693, 17]] 
[5, 2, 0.4, [694, 18]] 
[5, 1, 0.2, [695, 19]] 
[5, 1, 0.2, [696, 20]] 
[5, 1, 0.2, [697, 21]] 
[5, 1, 0.2, [698, 22]] 
[5, 1, 0.2, [699, 23]] 
[5, 1, 0.2, [700, 24]] 
[5, 1, 0.2, [701, 25]] 
[5, 1, 0.2, [702, 26]] 
[5, 1, 0.2, [703, 27]] 
[5, 1, 0.2, [704, 28]] 
[5, 1, 0.2, [705, 29]] 
[5, 1, 0.2, [706, 30]] 
[5, 4, 0.8, [707, 0]] 
[5, 3, 0.6, [708, 1]] 
[5, 3, 0.6, [709, 2]] 
[5, 2, 0.4, [710, 3]] 
[5, 2, 0.4, [711, 4]] 
[5, 2, 0.4, [712, 5]] 
[5, 2, 0.4, [713, 6]] 
[5, 2, 0.4, [714, 7]] 
[5, 2, 0.4, [715, 8]] 
[5, 2, 0.4, [716, 9]] 
[5, 3, 0.6, [717, 10]] 
[5, 3, 0.6, [718, 11]] 
[5, 4, 0.8, [719, 12]] 
[5, 4, 0.8, [720, 13]] 
[5, 2, 0.4, [721, 14]] 
[5, 2, 0.4, [722, 15]] 
[5, 2, 0.4, [723, 16]] 
[5, 2, 0.4, [724, 17]] 
[5, 2, 0.4, [725, 18]] 
[5, 1, 0.2, [726, 19]] 
[5, 1, 0.2, [727, 20]] 
[5, 1, 0.2, [728, 21]] 
[5, 1, 0.2, [729, 22]] 
[5, 1, 0.2, [730, 23]] 
[5, 1, 0.2, [731, 24]] 
[5, 1, 0.2, [732, 25]] 
[5, 1, 0.2, [733, 26]] 
[5, 1, 0.2, [734, 27]] 
[5, 1, 0.2, [735, 28]] 
[5, 1, 0.2, [736, 29]] 
[5, 2, 0.4, [737, 30]] 
[5, 4, 0.8, [738, 0]] 
[5, 3, 0.6, [739, 1]] 
[5, 3, 0.6, [740, 2]] 
[5, 2, 0.4, [741, 3]] 
[5, 2, 0.4, [742, 4]] 
[5, 2, 0.4, [743, 5]] 
[5, 2, 0.4, [744, 6]] 
[5, 2, 0.4, [745, 7]] 
[5, 2, 0.4, [746, 8]] 
[5, 2, 0.4, [747, 9]] 
[5, 2, 0.4, [748, 10]] 
[5, 2, 0.4, [749, 11]] 
[5, 2, 0.4, [750, 12]] 
[5, 2, 0.4, [751, 13]] 
[5, 2, 0.4, [752, 14]] 
[5, 2, 0.4, [753, 15]] 
[5, 2, 0.4, [754, 16]] 
[5, 1, 0.2, [755, 17]] 
[5, 2, 0.4, [756, 18]] 
[5, 2, 0.4, [757, 19]] 
[5, 2, 0.4, [758, 20]] 
[5, 1, 0.2, [759, 21]] 
[5, 1, 0.2, [760, 22]] 
[5, 2, 0.4, [761, 23]] 
[5, 1, 0.2, [762, 24]] 
[5, 1, 0.2, [763, 25]] 
[5, 1, 0.2, [764, 26]] 
[5, 2, 0.4, [765, 27]] 
[5, 2, 0.4, [766, 28]] 
[5, 1, 0.2, [767, 29]] 
[5, 2, 0.4, [768, 30]] 
[5, 4, 0.8, [769, 0]] 
[5, 3, 0.6, [770, 1]] 
[5, 3, 0.6, [771, 2]] 
[5, 2, 0.4, [772, 3]] 
[5, 3, 0.6, [773, 4]] 
[5, 3, 0.6, [774, 5]] 
[5, 3, 0.6, [775, 6]] 
[5, 3, 0.6, [776, 7]] 
[5, 3, 0.6, [777, 8]] 
[5, 2, 0.4, [778, 9]] 
[5, 2, 0.4, [779, 10]] 
[5, 3, 0.6, [780, 11]] 
[5, 3, 0.6, [781, 12]] 
[5, 3, 0.6, [782, 13]] 
[5, 3, 0.6, [783, 14]] 
[5, 3, 0.6, [784, 15]] 
[5, 2, 0.4, [785, 16]] 
[5, 2, 0.4, [786, 17]] 
[5, 1, 0.2, [787, 18]] 
[5, 1, 0.2, [788, 19]] 
[5, 3, 0.6, [789, 20]] 
[5, 3, 0.6, [790, 21]] 
[5, 3, 0.6, [791, 22]] 
[5, 3, 0.6, [792, 23]] 
[5, 2, 0.4, [793, 24]] 
[5, 1, 0.2, [794, 25]] 
[5, 1, 0.2, [795, 26]] 
[5, 1, 0.2, [796, 27]] 
[5, 3, 0.6, [797, 28]] 
[5, 3, 0.6, [798, 29]] 
[5, 2, 0.4, [799, 30]] 
[5, 4, 0.8, [800, 0]] 
[5, 4, 0.8, [801, 1]] 
[5, 4, 0.8, [802, 2]] 
[5, 3, 0.6, [803, 3]] 
[5, 3, 0.6, [804, 4]] 
[5, 2, 0.4, [805, 5]] 
[5, 2, 0.4, [806, 6]] 
[5, 3, 0.6, [807, 7]] 
[5, 2, 0.4, [808, 8]] 
[5, 2, 0.4, [809, 9]] 
[5, 3, 0.6, [810, 10]] 
[5, 2, 0.4, [811, 11]] 
[5, 2, 0.4, [812, 12]] 
[5, 2, 0.4, [813, 13]] 
[5, 2, 0.4, [814, 14]] 
[5, 1, 0.2, [815, 15]] 
[5, 1, 0.2, [816, 16]] 
[5, 0, 0.0, [817, 17]] 
[5, 4, 0.8, [818, 0]] 
[5, 4, 0.8, [819, 1]] 
[5, 2, 0.4, [820, 2]] 
[5, 3, 0.6, [821, 3]] 
[5, 2, 0.4, [822, 4]] 
[5, 2, 0.4, [823, 5]] 
[5, 2, 0.4, [824, 6]] 
[5, 2, 0.4, [825, 7]] 
[5, 2, 0.4, [826, 8]] 
[5, 2, 0.4, [827, 9]] 
[5, 2, 0.4, [828, 10]] 
[5, 2, 0.4, [829, 11]] 
[5, 1, 0.2, [830, 12]] 
[5, 2, 0.4, [831, 13]] 
[5, 1, 0.2, [832, 14]] 
[5, 1, 0.2, [833, 15]] 
[5, 1, 0.2, [834, 16]] 
[5, 2, 0.4, [835, 17]] 
[5, 2, 0.4, [836, 18]] 
[5, 1, 0.2, [837, 19]] 
[5, 1, 0.2, [838, 20]] 
[5, 0, 0.0, [839, 21]] 
[5, 4, 0.8, [840, 0]] 
[5, 2, 0.4, [841, 1]] 
[5, 3, 0.6, [842, 2]] 
[5, 2, 0.4, [843, 3]] 
[5, 2, 0.4, [844, 4]] 
[5, 3, 0.6, [845, 5]] 
[5, 2, 0.4, [846, 6]] 
[5, 2, 0.4, [847, 7]] 
