[[0.04510164260864252, -0.21628971099853517, 0.2613913536071777, 6.83254397405926, True], 35] 
[[-0.2247554421424866, 0.04510164260864252, -0.26985708475112913, -7.28228461903781, True], 34] 
[[-0.22176895141601566, -0.2247554421424866, 0.0029864907264709473, 0.0008919126859296966, True], 34] 
[[0.03370814323425286, -0.22176895141601566, 0.2554770946502685, 6.526854589094225, True], 33] 
[[0.340282917022705, 0.03370814323425286, 0.30657477378845216, 9.39880919234406, True], 33] 
[[0.30846891403198246, 0.340282917022705, -0.03181400299072257, -0.10121307862937044, True], 33] 
[[0.3255552291870117, 0.30846891403198246, 0.01708631515502923, 0.029194216557698154, True], 34] 
[[0.0232668876647949, 0.3255552291870117, -0.3022883415222168, -9.137824142025238, True], 34] 
[[0.2703549861907959, 0.0232668876647949, 0.247088098526001, 6.105252843319477, True], 34] 
[[0.2685549259185791, 0.2703549861907959, -0.0018000602722167969, -0.0003240216983613209, True], 34] 
[[0.2663862705230713, 0.2685549259185791, -0.0021686553955078125, -0.00047030662244651467, True], 34] 
[[0.5130887985229492, 0.2663862705230713, 0.2467025279998779, 6.086213732153055, True], 34] 
[[0.7528489112854004, 0.5130887985229492, 0.23976011276245124, 5.748491167186335, True], 34] 
[[-0.21520467996597292, -0.21520467996597292, 0.0, 0.0, True], 34] 
[[0.019318962097167935, -0.21520467996597292, 0.23452364206314086, 5.500133868656022, True], 34] 
[[0.2621176719665527, 0.019318962097167935, 0.2427987098693848, 5.895121351423768, True], 35] 
[[0.043315076828002896, 0.2621176719665527, -0.21880259513854983, -4.787457563936414, True], 34] 
[[0.2870019912719726, 0.043315076828002896, 0.24368691444396973, 5.938331227122262, True], 34] 
[[0.04020614624023433, 0.2870019912719726, -0.2467958450317383, -6.090818912492978, True], 34] 
[[0.2830008506774902, 0.04020614624023433, 0.24279470443725587, 5.894926850277443, True], 33] 
[[0.0546913385391235, 0.2830008506774902, -0.2283095121383667, -5.212523333285901, True], 34] 
[[0.05404758453369135, 0.0546913385391235, -0.0006437540054321511, -4.1441921950993805e-05, True], 34] 
[[0.2947045803070068, 0.05404758453369135, 0.24065699577331545, 5.791578961463756, True], 34] 
[[0.04953231811523434, 0.2947045803070068, -0.24517226219177246, -6.010943814823122, True], 33] 
[[0.04795615673065179, 0.04953231811523434, -0.0015761613845825528, -0.000248428471024919, True], 33] 
[[0.3059701442718506, 0.04795615673065179, 0.2580139875411988, 6.65712177669099, True], 33] 
[[0.3165842533111572, 0.3059701442718506, 0.010614109039306596, 0.011265931069829, True], 33] 
[[0.31275196075439454, 0.3165842533111572, -0.003832292556762651, -0.0014686466240618416, True], 33] 
[[0.31746478080749513, 0.31275196075439454, 0.004712820053100586, 0.002221067285290701, True], 33] 
[[0.31306290626525873, 0.31746478080749513, -0.004401874542236395, -0.0019376499485588869, True], 33] 
[[0.31441369056701657, 0.31306290626525873, 0.0013507843017578347, 0.0001824618229875401, True], 33] 
[[0.31909537315368647, 0.31441369056701657, 0.0046816825866699, 0.0021918151842328162, True], 33] 
[[0.32899560928344723, 0.31909537315368647, 0.009900236129760764, 0.00980146754250204, True], 34] 
[[0.3219934463500977, 0.32899560928344723, -0.007002162933349543, -0.004903028574517427, True], 34] 
[[0.32104034423828126, 0.3219934463500977, -0.0009531021118164285, -9.084036355489356e-05, True], 34] 
[[0.32963876724243163, 0.32104034423828126, 0.008598423004150368, 0.007393287815830225, True], 34] 
[[0.3292066097259521, 0.32963876724243163, -0.0004321575164795144, -1.8676011904974174e-05, True], 34] 
[[0.5856331348419189, 0.3292066097259521, 0.2564265251159668, 6.575456278304955, True], 34] 
[[0.571318244934082, 0.5856331348419189, -0.014314889907836914, -0.020491607307349113, True], 34] 
[[0.3194301605224609, 0.571318244934082, -0.2518880844116211, -6.344760706855595, True], 33] 
[[0.5754568099975587, 0.3194301605224609, 0.25602664947509773, 6.554964524144457, True], 33] 
[[0.5797882080078125, 0.5754568099975587, 0.00433139801025384, 0.0018761008723230921, True], 34] 
[[0.5801603317260743, 0.5797882080078125, 0.00037212371826178536, 1.3847606169297662e-05, True], 34] 
[[0.5630110263824463, 0.5801603317260743, -0.01714930534362802, -0.02940986737689885, True], 34] 
[[-0.21520467996597292, -0.21520467996597292, 0.0, 0.0, True], 34] 
[[0.05405511856079098, -0.21520467996597292, 0.2692597985267639, 7.2500839102673496, True], 35] 
[[0.31041927337646485, 0.05405511856079098, 0.2563641548156739, 6.5722579874354805, True], 35] 
[[0.3281388759613037, 0.31041927337646485, 0.017719602584838845, 0.03139843157646275, True], 35] 
[[0.34816794395446776, 0.3281388759613037, 0.020029067993164062, 0.04011635646747891, True], 35] 
[[0.3447648525238037, 0.34816794395446776, -0.0034030914306640847, -0.0011581031285459327, True], 35] 
[[0.3371749401092529, 0.3447648525238037, -0.007589912414550759, -0.005760677046055173, True], 35] 
[[0.33636031150817874, 0.3371749401092529, -0.0008146286010741743, -6.636197576880663e-05, True], 34] 
[[0.33929719924926754, 0.33636031150817874, 0.0029368877410888006, 0.0008625309603757678, True], 34] 
[[0.3368071079254151, 0.33929719924926754, -0.0024900913238524724, -0.0006200554801125359, True], 34] 
[[0.3408440589904785, 0.3368071079254151, 0.00403695106506341, 0.00162969739017166, True], 34] 
[[0.3339197635650634, 0.3408440589904785, -0.006924295425415061, -0.004794586713842394, True], 33] 
[[0.33113975524902345, 0.3339197635650634, -0.0027800083160399724, -0.0007728446237251403, True], 33] 
[[0.5741235256195069, 0.33113975524902345, 0.2429837703704834, 5.904111266345581, True], 33] 
[[0.5853019714355469, 0.5741235256195069, 0.011178445816039995, 0.012495765086214207, True], 33] 
[[0.8436046600341797, 0.5853019714355469, 0.2583026885986328, 6.672027893728227, True], 34] 
[[-0.21520467996597292, -0.21520467996597292, 0.0, 0.0, True], 34] 
[[0.29274325370788573, -0.21520467996597292, 0.5079479336738586, 25.80111033235427, True], 34] 
[[0.29972047805786134, 0.29274325370788573, 0.006977224349975608, 0.004868165962989255, True], 34] 
[[0.06180045604705808, 0.29972047805786134, -0.23792002201080326, -5.660593687362111, True], 34] 
[[0.06069285869598384, 0.06180045604705808, -0.001107597351074241, -0.00012267718921066752, True], 34] 
[[0.05855605602264402, 0.06069285869598384, -0.0021368026733398215, -0.0004565925664792208, True], 34] 
[[0.05777864456176751, 0.05855605602264402, -0.0007774114608765093, -6.043685795021483e-05, True], 34] 
[[0.061043882369995084, 0.05777864456176751, 0.0032652378082275724, 0.00106617779442788, True], 34] 
[[0.05851249694824212, 0.061043882369995084, -0.002531385421752963, -0.0006407912153463427, True], 35] 
[[0.30007491111755374, 0.05851249694824212, 0.24156241416931162, 5.835239993930604, True], 35] 
[[0.30156126022338864, 0.30007491111755374, 0.0014863491058348943, 0.00022092336644161898, True], 35] 
[[0.8093667030334473, 0.30156126022338864, 0.5078054428100587, 25.78663677475198, True], 35] 
[[-0.21520467996597292, -0.21520467996597292, 0.0, 0.0, True], 35] 
[[0.29565858840942383, -0.21520467996597292, 0.5108632683753968, 26.098127897519262, True], 35] 
[[0.286651086807251, 0.29565858840942383, -0.00900750160217284, -0.008113508511314628, True], 35] 
[[0.03705980777740475, 0.286651086807251, -0.24959127902984624, -6.229580656775456, True], 35] 
[[0.05890431404113766, 0.03705980777740475, 0.02184450626373291, 0.047718245390626635, True], 34] 
[[0.2921878337860107, 0.05890431404113766, 0.23328351974487305, 5.442120058455657, True], 35] 
[[0.33581004142761234, 0.2921878337860107, 0.04362220764160163, 0.19028969995270076, True], 34] 
[[0.325099229812622, 0.33581004142761234, -0.010710811614990323, -0.011472148545181162, True], 34] 
[[0.2980147838592529, 0.325099229812622, -0.02708444595336912, -0.07335672126009728, True], 34] 
[[0.8120677947998047, 0.2980147838592529, 0.5140530109405519, 26.42504980570472, True], 34] 
[[-0.21520467996597292, -0.21520467996597292, 0.0, 0.0, True], 34] 
[[0.041410541534423806, -0.21520467996597292, 0.25661522150039673, 6.5851371905697675, True], 34] 
[[0.30346117019653324, 0.041410541534423806, 0.26205062866210943, 6.867053198220677, True], 34] 
[[0.05985450744628901, 0.30346117019653324, -0.24360666275024423, -5.934420613631123, True], 34] 
[[0.5588501930236817, 0.05985450744628901, 0.49899568557739266, 24.89966942248521, True], 35] 
[[0.5659055709838867, 0.5588501930236817, 0.007055377960205056, 0.004977835816134726, True], 35] 
[[0.5697267532348633, 0.5659055709838867, 0.003821182250976607, 0.001460143379517865, True], 34] 
[[0.5709492683410645, 0.5697267532348633, 0.001222515106201194, 0.00014945431848901168, True], 34] 
[[0.559280824661255, 0.5709492683410645, -0.01166844367980957, -0.01361525779088879, True], 34] 
[[0.33389606475830075, 0.559280824661255, -0.2253847599029542, -5.079828999651231, True], 34] 
[[0.3193371772766113, 0.33389606475830075, -0.014558887481689431, -0.02119612047044932, True], 34] 
[[0.8550595283508301, 0.3193371772766113, 0.5357223510742188, 28.69984374404886, True], 34] 
[[-0.21520467996597292, -0.21520467996597292, 0.0, 0.0, True], 34] 
[[0.29417104721069337, -0.21520467996597292, 0.5093757271766663, 25.946363143675764, True], 35] 
[[0.049568176269531194, 0.29417104721069337, -0.24460287094116218, -5.983056447265885, True], 35] 
[[0.05570151805877682, 0.049568176269531194, 0.006133341789245628, 0.003761788150370676, True], 35] 
[[0.057332849502563454, 0.05570151805877682, 0.0016313314437866322, 0.0002661242279486978, True], 35] 
[[0.33050851821899413, 0.057332849502563454, 0.2731756687164307, 7.4624945978669075, True], 35] 
[[0.33635692596435546, 0.33050851821899413, 0.005848407745361328, 0.0034203873156002373, True], 35] 
[[0.5725954532623291, 0.33635692596435546, 0.23623852729797362, 5.580864177991543, True], 35] 
[[0.34050574302673337, 0.5725954532623291, -0.23208971023559571, -5.386563359724278, True], 35] 
[[0.8540626525878906, 0.34050574302673337, 0.5135569095611572, 26.374069935800662, True], 35] 
[[-0.21520467996597292, -0.21520467996597292, 0.0, 0.0, True], 35] 
[[0.28847975730895997, -0.21520467996597292, 0.503684437274933, 25.36980123529659, True], 35] 
[[0.2875510215759277, 0.28847975730895997, -0.0009287357330322599, -8.62550061810969e-05, True], 35] 
[[-0.21848037242889407, 0.2875510215759277, -0.5060313940048218, -25.606777171846318, True], 33] 
[[0.055755853652954046, -0.21848037242889407, 0.2742362260818481, 7.52055076956145, True], 33] 
[[0.05781488418579095, 0.055755853652954046, 0.002059030532836903, 0.00042396067351546207, True], 34] 
[[0.04163436889648431, 0.05781488418579095, -0.01618051528930664, -0.026180907502748596, True], 34] 
[[0.28421735763549805, 0.04163436889648431, 0.24258298873901374, 5.884650642555248, True], 33] 
[[0.2949371337890625, 0.28421735763549805, 0.010719776153564453, 0.01149136007825291, True], 34] 
[[0.3042669296264648, 0.2949371337890625, 0.009329795837402288, 0.008704509036760906, True], 34] 
[[0.3089298725128174, 0.3042669296264648, 0.004662942886352606, 0.002174303636138637, True], 34] 
[[0.3017335891723633, 0.3089298725128174, -0.007196283340454079, -0.005178649391609692, True], 34] 
[[0.5538442611694336, 0.3017335891723633, 0.2521106719970703, 6.355979093481437, True], 34] 
[[0.3152757167816162, 0.5538442611694336, -0.23856854438781744, -5.691495037132201, True], 34] 
[[0.3119911193847656, 0.3152757167816162, -0.003284597396850608, -0.001078858005939779, True], 34] 
[[0.3189717292785645, 0.3119911193847656, 0.006980609893798895, 0.0048728914489403015, True], 34] 
[[0.5845386981964111, 0.3189717292785645, 0.26556696891784665, 7.052581498021252, True], 33] 
[[0.3120885848999024, 0.5845386981964111, -0.27245011329650876, -7.422906423528045, True], 33] 
[[0.5802099227905274, 0.3120885848999024, 0.26812133789062503, 7.188905183225873, True], 33] 
[[0.3347497463226318, 0.5802099227905274, -0.24546017646789559, -6.025069823165045, True], 33] 
[[0.32996144294738766, 0.3347497463226318, -0.004788303375244163, -0.002292784921337464, True], 33] 
[[0.3271655559539795, 0.32996144294738766, -0.0027958869934081587, -0.0007816984079908913, True], 33] 
[[0.3274815559387207, 0.3271655559539795, 0.00031599998474118873, 9.985599035643152e-06, True], 33] 
[[0.31949644088745116, 0.3274815559387207, -0.007985115051269531, -0.006376206238201121, True], 33] 
[[0.33084621429443356, 0.31949644088745116, 0.0113497734069824, 0.012881735638984487, True], 33] 
[[0.5779444217681885, 0.33084621429443356, 0.24709820747375494, 6.105752413674283, True], 33] 
[[0.3290542602539062, 0.5779444217681885, -0.24889016151428228, -6.194631249860551, True], 33] 
[[0.5758216381072998, 0.3290542602539062, 0.2467673778533936, 6.089413877263953, True], 33] 
[[0.34427623748779296, 0.5758216381072998, -0.23154540061950685, -5.361327254804792, True], 33] 
[[0.3433681964874267, 0.34427623748779296, -0.0009080410003662331, -8.245384583461095e-05, True], 33] 
[[0.3333391189575195, 0.3433681964874267, -0.010029077529907227, -0.010058239610089004, True], 33] 
[[-0.21520467996597292, -0.21520467996597292, 0.0, 0.0, True], 33] 
[[0.2958333969116211, -0.21520467996597292, 0.511038076877594, 26.115991601874967, True], 35] 
[[0.034518194198608354, 0.2958333969116211, -0.26131520271301273, -6.828563516894294, True], 34] 
[[0.05028519630432127, 0.034518194198608354, 0.015767002105712913, 0.024859835540155542, True], 35] 
[[0.044644069671630815, 0.05028519630432127, -0.005641126632690452, -0.0031822309686049518, True], 34] 
[[0.7952620506286621, 0.044644069671630815, 0.7506179809570312, 56.34273533360101, True], 35] 
[[-0.21520467996597292, -0.21520467996597292, 0.0, 0.0, True], 35] 
[[0.2958333969116211, -0.21520467996597292, 0.511038076877594, 26.115991601874967, True], 35] 
[[0.30358743667602534, 0.2958333969116211, 0.0077540397644042525, 0.006012513266796236, True], 35] 
[[0.2876889705657959, 0.30358743667602534, -0.015898466110229437, -0.02527612246581139, True], 34] 
[[0.04053573608398431, 0.2876889705657959, -0.2471532344818116, -6.108472131482135, True], 35] 
[[0.0397060632705688, 0.04053573608398431, -0.0008296728134155051, -6.883569773207996e-05, True], 35] 
[[0.04917972087860101, 0.0397060632705688, 0.009473657608032204, 0.008975018847422647, True], 35] 
[[0.3071144104003906, 0.04917972087860101, 0.2579346895217896, 6.6530304058702, True], 35] 
[[0.28482489585876464, 0.3071144104003906, -0.022289514541625977, -0.04968224585013559, True], 35] 
[[0.008923339843749933, 0.28482489585876464, -0.2759015560150147, -7.612166861150629, True], 35] 
[[0.02224986553192132, 0.008923339843749933, 0.013326525688171387, 0.017759628691749185, True], 35] 
[[0.28593597412109373, 0.02224986553192132, 0.2636861085891724, 6.953036386290083, True], 35] 
[[0.03516523838043206, 0.28593597412109373, -0.25077073574066167, -6.288596190391277, True], 35] 
[[0.8180076599121093, 0.03516523838043206, 0.7828424215316773, 61.284225694958025, True], 35] 
[[-0.21520467996597292, -0.21520467996597292, 0.0, 0.0, True], 35] 
[[0.05405511856079098, -0.21520467996597292, 0.2692597985267639, 7.2500839102673496, True], 35] 
[[0.30486216545104977, 0.05405511856079098, 0.2508070468902588, 6.290417476981247, True], 35] 
[[0.03449826240539544, 0.30486216545104977, -0.27036390304565433, -7.309664007007998, True], 35] 
[[0.04848718643188471, 0.03449826240539544, 0.013988924026489269, 0.019568999541888874, True], 35] 
[[0.3361116409301758, 0.04848718643188471, 0.2876244544982911, 8.272782682543953, True], 35] 
[[0.340261173248291, 0.3361116409301758, 0.004149532318115212, 0.0017218618459082606, True], 33] 
[[0.6064168930053712, 0.340261173248291, 0.26615571975708013, 7.083886715940937, True], 35] 
[[0.589249086380005, 0.6064168930053712, -0.01716780662536621, -0.029473358432596797, True], 35] 
[[0.6157498359680176, 0.589249086380005, 0.02650074958801263, 0.07022897287265516, True], 35] 
[[0.5963792324066163, 0.6157498359680176, -0.0193706035614013, -0.037522028233297276, True], 35] 
[[0.5842865943908692, 0.5963792324066163, -0.012092638015747115, -0.014623189417989232, True], 35] 
[[0.5761573314666748, 0.5842865943908692, -0.008129262924194358, -0.006608491569068101, True], 35] 
[[0.8717510223388671, 0.5761573314666748, 0.29559369087219234, 8.737563008344521, True], 35] 
[[-0.21520467996597292, -0.21520467996597292, 0.0, 0.0, True], 35] 
[[0.05405511856079098, -0.21520467996597292, 0.2692597985267639, 7.2500839102673496, True], 35] 
[[0.30370879173278803, 0.05405511856079098, 0.24965367317199705, 6.232695652827033, True], 35] 
[[0.06030504703521722, 0.30370879173278803, -0.2434037446975708, -5.924538293280023, True], 34] 
[[0.06463601589202878, 0.06030504703521722, 0.004330968856811557, 0.0018757291238671603, True], 34] 
[[0.06500921249389646, 0.06463601589202878, 0.0003731966018676869, 1.3927570364558879e-05, True], 34] 
[[0.33893413543701173, 0.06500921249389646, 0.27392492294311527, 7.503486340939165, True], 34] 
[[0.3146861553192139, 0.33893413543701173, -0.02424798011779783, -0.05879645397931188, True], 34] 
[[0.3122898101806641, 0.3146861553192139, -0.0023963451385498047, -0.0005742470023051283, True], 34] 
[[0.33672037124633786, 0.3122898101806641, 0.02443056106567376, 0.05968523139836147, True], 35] 
[[0.5832112312316895, 0.33672037124633786, 0.24649085998535164, 6.075774405631823, True], 35] 
[[0.5801134586334229, 0.5832112312316895, -0.0030977725982666016, -0.0009596195070571412, True], 35] 
[[0.5904514789581299, 0.5801134586334229, 0.010338020324706987, 0.010687466423405475, True], 35] 
[[0.5952275276184082, 0.5904514789581299, 0.004776048660278365, 0.0022810640805346763, True], 34] 
[[0.588655948638916, 0.5952275276184082, -0.006571578979492232, -0.004318565028370416, True], 34] 
[[0.8768027305603028, 0.588655948638916, 0.28814678192138676, 8.302856793165121, True], 34] 
[[-0.21520467996597292, -0.21520467996597292, 0.0, 0.0, True], 34] 
[[0.2958333969116211, -0.21520467996597292, 0.511038076877594, 26.115991601874967, True], 35] 
[[0.289072322845459, 0.2958333969116211, -0.006761074066162109, -0.004571212252812984, True], 35] 
[[0.05022680759429926, 0.289072322845459, -0.2388455152511597, -5.704718015559196, True], 35] 
[[0.0485950946807861, 0.05022680759429926, -0.0016317129135131614, -0.00026624870321256095, True], 35] 
[[0.05508751869201656, 0.0485950946807861, 0.006492424011230458, 0.004215156954160178, True], 35] 
[[0.06183848381042478, 0.05508751869201656, 0.006750965118408225, 0.004557553002996459, True], 35] 
[[0.33679761886596676, 0.06183848381042478, 0.274959135055542, 7.560252595049178, True], 35] 
[[0.333031415939331, 0.33679761886596676, -0.0037662029266357644, -0.0014184284484599797, True], 35] 
[[0.32826652526855465, 0.333031415939331, -0.004764890670776345, -0.0022704183104451446, True], 34] 
[[0.3199339866638184, 0.32826652526855465, -0.008332538604736262, -0.006943119959942012, True], 34] 
[[0.3172168254852295, 0.3199339866638184, -0.0027171611785888894, -0.0007382964870430562, True], 34] 
[[0.5773526668548584, 0.3172168254852295, 0.2601358413696289, 6.767065596508473, True], 35] 
[[0.5709887504577636, 0.5773526668548584, -0.006363916397094771, -0.004049943190921169, True], 35] 
[[0.33262166976928714, 0.5709887504577636, -0.2383670806884765, -5.681886515594668, True], 35] 
[[0.3333160400390625, 0.33262166976928714, 0.0006943702697753684, 4.821500715479179e-05, True], 34] 
[[0.3351452827453613, 0.3333160400390625, 0.001829242706298806, 0.00033461288785473795, True], 34] 
[[0.33858160972595214, 0.3351452827453613, 0.0034363269805908203, 0.0011808343117536424, True], 33] 
[[0.333173656463623, 0.33858160972595214, -0.005407953262329124, -0.002924595848753621, True], 33] 
[[0.319903564453125, 0.333173656463623, -0.013270092010498002, -0.01760953419670829, True], 33] 
[[0.5894841194152832, 0.319903564453125, 0.2695805549621582, 7.26736756137052, True], 33] 
[[0.6102420806884766, 0.5894841194152832, 0.020757961273193404, 0.043089295621939715, True], 33] 
[[0.6035582542419434, 0.6102420806884766, -0.006683826446533203, -0.0044673535967376665, True], 33] 
[[0.8580818176269531, 0.6035582542419434, 0.2545235633850097, 6.478224431820304, True], 33] 
[[-0.21520467996597292, -0.21520467996597292, 0.0, 0.0, True], 33] 
[[0.29565858840942383, -0.21520467996597292, 0.5108632683753968, 26.098127897519262, True], 35] 
[[0.28105812072753905, 0.29565858840942383, -0.014600467681884777, -0.02131736565297618, True], 35] 
[[0.03824009895324704, 0.28105812072753905, -0.24281802177429201, -5.896059169838054, True], 35] 
[[0.04465286731719964, 0.03824009895324704, 0.006412768363952603, 0.004112359808971135, True], 35] 
[[0.03848345279693599, 0.04465286731719964, -0.00616941452026365, -0.003806167552283996, True], 35] 
[[0.05192034244537347, 0.03848345279693599, 0.013436889648437478, 0.018055000342428625, True], 35] 
[[0.04039969444274899, 0.05192034244537347, -0.011520648002624478, -0.013272533040037539, True], 35] 
[[0.5675321578979492, 0.04039969444274899, 0.5271324634552002, 27.786863402834797, True], 34] 
[[0.30943188667297367, 0.5675321578979492, -0.25810027122497553, -6.661575000640593, True], 34] 
[[0.584758996963501, 0.30943188667297367, 0.2753271102905273, 7.580501766093218, True], 34] 
[[0.5854326248168945, 0.584758996963501, 0.0006736278533935325, 4.537744848675785e-05, True], 34] 
[[0.5920171737670898, 0.5854326248168945, 0.006584548950195335, 0.004335628487751849, True], 34] 
[[0.5858300209045411, 0.5920171737670898, -0.006187152862548784, -0.0038280860544545607, True], 34] 
[[0.5816367149353028, 0.5858300209045411, -0.004193305969238281, -0.0017583814951649401, True], 34] 
[[0.8661672592163085, 0.5816367149353028, 0.28453054428100577, 8.095763062884538, True], 34] 
[[-0.21520467996597292, -0.21520467996597292, 0.0, 0.0, True], 34] 
[[0.29565858840942383, -0.21520467996597292, 0.5108632683753968, 26.098127897519262, True], 35] 
[[0.009214115142822221, 0.29565858840942383, -0.2864444732666016, -8.205043626498083, True], 35] 
[[0.0354700088500976, 0.009214115142822221, 0.02625589370727538, 0.06893719543677429, True], 35] 
[[0.3145263671875, 0.0354700088500976, 0.2790563583374024, 7.787245112853273, True], 35] 
[[0.5542078495025635, 0.3145263671875, 0.23968148231506353, 5.74472129647461, True], 34] 
[[0.04915108680725094, 0.5542078495025635, -0.5050567626953126, -25.508233354426938, True], 34] 
[[0.5811576843261719, 0.04915108680725094, 0.532006597518921, 28.30310198036592, True], 33] 
[[0.583662223815918, 0.5811576843261719, 0.0025045394897461604, 0.0006272718055697958, True], 33] 
[[0.5923232078552246, 0.583662223815918, 0.008660984039306596, 0.00750126445291236, True], 33] 
[[0.8605739593505859, 0.5923232078552246, 0.26825075149536126, 7.195846567782605, True], 33] 
[[-0.21520467996597292, -0.21520467996597292, 0.0, 0.0, True], 33] 
[[0.2968734741210937, -0.21520467996597292, 0.5120781540870667, 26.222403589321758, True], 35] 
[[0.3091748714447022, 0.2968734741210937, 0.012301397323608465, 0.01513243761132815, True], 35] 
[[0.052937269210815374, 0.3091748714447022, -0.2562376022338868, -6.565770879857159, True], 35] 
[[0.05816581249237057, 0.052937269210815374, 0.005228543281555198, 0.0027337664847096, True], 35] 
[[0.3044498920440674, 0.05816581249237057, 0.24628407955169684, 6.065584784062655, True], 35] 
[[0.3214744091033936, 0.3044498920440674, 0.017024517059326172, 0.028983418110328785, True], 35] 
[[0.3146203994750976, 0.3214744091033936, -0.006854009628295965, -0.004697744798477379, True], 35] 
[[0.31925878524780277, 0.3146203994750976, 0.004638385772705145, 0.00215146225764335, True], 34] 
[[0.326698637008667, 0.31925878524780277, 0.007439851760864258, 0.0055351394223635, True], 34] 
[[0.32490634918212885, 0.326698637008667, -0.0017922878265381748, -0.0003212295653156934, True], 34] 
[[0.04925937652587886, 0.32490634918212885, -0.27564697265625, -7.5981253534555435, True], 35] 
[[0.5435028553009034, 0.04925937652587886, 0.4942434787750245, 24.427661631163808, True], 35] 
[[0.5883466243743897, 0.5435028553009034, 0.044843769073486306, 0.2010963624716167, True], 35] 
[[0.5874109268188477, 0.5883466243743897, -0.0009356975555420144, -8.755299154473012e-05, True], 35] 
[[0.8379669189453125, 0.5874109268188477, 0.25055599212646484, 6.277830519047711, True], 34] 
[[-0.21520467996597292, -0.21520467996597292, 0.0, 0.0, True], 34] 
[[0.29565858840942383, -0.21520467996597292, 0.5108632683753968, 26.098127897519262, True], 35] 
[[0.29158759117126465, 0.29565858840942383, -0.00407099723815918, -0.0016573018513099669, True], 35] 
[[0.04299609661102288, 0.29158759117126465, -0.24859149456024177, -6.179773116769472, True], 35] 
[[0.03237597942352288, 0.04299609661102288, -0.0106201171875, -0.011278688907623291, True], 35] 
[[0.30916552543640136, 0.03237597942352288, 0.2767895460128785, 7.661245278201537, True], 35] 
[[0.6025889873504638, 0.30916552543640136, 0.2934234619140625, 8.609732800163329, True], 35] 
[[0.87149658203125, 0.6025889873504638, 0.2689075946807862, 7.2311294477005985, True], 35] 
[[-0.21520467996597292, -0.21520467996597292, 0.0, 0.0, True], 35] 
[[0.2958333969116211, -0.21520467996597292, 0.511038076877594, 26.115991601874967, True], 35] 
[[0.30125980377197265, 0.2958333969116211, 0.0054264068603515625, 0.00294458914140705, True], 35] 
[[0.05349326133728022, 0.30125980377197265, -0.24776654243469243, -6.138825955004224, True], 35] 
[[0.060786318778991655, 0.05349326133728022, 0.007293057441711437, 0.005318868684810257, True], 35] 
[[0.30045166015624997, 0.060786318778991655, 0.2396653413772583, 5.743947585747776, True], 35] 
[[0.05744996070861813, 0.30045166015624997, -0.24300169944763184, -5.9049825934437195, True], 35] 
[[0.06291496753692621, 0.05744996070861813, 0.005465006828308083, 0.0029866299633453976, True], 35] 
[[0.307075023651123, 0.06291496753692621, 0.24416005611419678, 5.961413300168772, True], 35] 
[[0.31790566444396967, 0.307075023651123, 0.01083064079284668, 0.011730277998367455, True], 35] 
[[0.07220749855041497, 0.31790566444396967, -0.2456981658935547, -6.036758872345672, True], 34] 
[[0.5900133609771728, 0.07220749855041497, 0.5178058624267579, 26.812291116351844, True], 34] 
[[0.8643915176391601, 0.5900133609771728, 0.2743781566619873, 7.528337285323005, True], 34] 
[[-0.21520467996597292, -0.21520467996597292, 0.0, 0.0, True], 34] 
[[0.2958333969116211, -0.21520467996597292, 0.511038076877594, 26.115991601874967, True], 35] 
[[0.2938842296600342, 0.2958333969116211, -0.0019491672515868919, -0.00037992529746587976, True], 35] 
[[0.03520224094390867, 0.2938842296600342, -0.2586819887161255, -6.69163712861297, True], 35] 
[[0.0512762546539306, 0.03520224094390867, 0.016074013710021928, 0.025837391674997292, True], 35] 
[[0.3349763870239258, 0.0512762546539306, 0.2837001323699952, 8.04857651067528, True], 33] 
[[0.6028401374816895, 0.3349763870239258, 0.2678637504577637, 7.175098880929911, True], 34] 
[[0.5970253467559815, 0.6028401374816895, -0.005814790725708008, -0.003381179118377986, True], 34] 
[[0.5868197441101074, 0.5970253467559815, -0.010205602645874112, -0.010415432536547269, True], 34] 
[[0.5801628589630127, 0.5868197441101074, -0.0066568851470947266, -0.004431411986161038, True], 34] 
[[0.5793783187866212, 0.5801628589630127, -0.0007845401763915127, -6.15503288372426e-05, True], 34] 
[[0.5899787425994873, 0.5793783187866212, 0.010600423812866189, 0.011236898501238055, True], 34] 
[[0.8844637870788574, 0.5899787425994873, 0.2944850444793701, 8.672144142201658, True], 34] 
[[-0.21520467996597292, -0.21520467996597292, 0.0, 0.0, True], 34] 
[[0.29565858840942383, -0.21520467996597292, 0.5108632683753968, 26.098127897519262, True], 35] 
[[0.2868968963623047, 0.29565858840942383, -0.00876169204711913, -0.007676724752855061, True], 35] 
[[0.033525228500366155, 0.2868968963623047, -0.25337166786193854, -6.419720207514051, True], 35] 
[[0.04360201358795163, 0.033525228500366155, 0.010076785087585471, 0.010154159770138494, True], 35] 
[[0.047489786148071256, 0.04360201358795163, 0.003887772560119629, 0.0015114775479219134, True], 35] 
[[0.05431036949157708, 0.047489786148071256, 0.006820583343505826, 0.004652035714570912, True], 35] 
[[0.3074788093566894, 0.05431036949157708, 0.25316843986511234, 6.409425894373501, True], 34] 
[[0.32982439994812013, 0.3074788093566894, 0.02234559059143071, 0.04993254188798366, True], 34] 
[[0.3144623279571533, 0.32982439994812013, -0.015362071990966841, -0.023599325585564792, True], 34] 
[[0.5930224418640136, 0.3144623279571533, 0.27856011390686036, 7.759573705980301, True], 34] 
[[0.6034477710723877, 0.5930224418640136, 0.010425329208374023, 0.010868748910297654, True], 32] 
[[0.8617230415344238, 0.6034477710723877, 0.25827527046203613, 6.670611533223791, True], 33] 
[[-0.21520467996597292, -0.21520467996597292, 0.0, 0.0, True], 33] 
[[0.2968734741210937, -0.21520467996597292, 0.5120781540870667, 26.222403589321758, True], 35] 
[[0.3042710304260254, 0.2968734741210937, 0.007397556304931663, 0.00547238392846342, True], 35] 
[[0.057642889022827104, 0.3042710304260254, -0.24662814140319828, -6.0825440131995965, True], 35] 
[[0.06194326877593992, 0.057642889022827104, 0.004300379753112815, 0.0018493266020982637, True], 35] 
[[0.06536645889282222, 0.06194326877593992, 0.003423190116882302, 0.0011718230576320669, True], 35] 
[[0.31399812698364254, 0.06536645889282222, 0.24863166809082032, 6.181770637762384, True], 35] 
[[0.5968158721923829, 0.31399812698364254, 0.2828177452087403, 7.998587700495596, True], 35] 
[[0.32560825347900385, 0.5968158721923829, -0.271207618713379, -7.355357244818156, True], 35] 
[[0.5665225982666016, 0.32560825347900385, 0.2409143447875977, 5.80397215244375, True], 34] 
[[0.5909675121307373, 0.5665225982666016, 0.02444491386413572, 0.05975538138250147, True], 34] 
[[0.5936441898345948, 0.5909675121307373, 0.0026766777038574885, 0.0007164603530327797, True], 34] 
[[0.5966726303100586, 0.5936441898345948, 0.0030284404754638006, 0.0009171451713427411, True], 34] 
[[0.5920023441314698, 0.5966726303100586, -0.004670286178588778, -0.0021811572989917376, True], 34] 
[[0.5843096733093261, 0.5920023441314698, -0.0076926708221436435, -0.005917718437786016, True], 34] 
[[0.3387771129608154, 0.5843096733093261, -0.24553256034851073, -6.028623819129507, True], 34] 
[[0.33922042846679684, 0.3387771129608154, 0.0004433155059814231, 1.965286378435652e-05, True], 34] 
[[0.3326872348785401, 0.33922042846679684, -0.006533193588256769, -0.004268261846163936, True], 34] 
[[0.33674392700195316, 0.3326872348785401, 0.004056692123413086, 0.0016456750984161772, True], 34] 
[[0.32523050308227536, 0.33674392700195316, -0.011513423919677801, -0.013255893035420893, True], 34] 
[[0.5669591903686524, 0.32523050308227536, 0.24172868728637703, 5.843275825719506, True], 34] 
[[0.5790878295898437, 0.5669591903686524, 0.01212863922119134, 0.014710388935782087, True], 34] 
[[0.31253051757812494, 0.5790878295898437, -0.2665573120117188, -7.105280058691281, True], 34] 
[[0.557132339477539, 0.31253051757812494, 0.2446018218994141, 5.9830051276512695, True], 34] 
[[0.3096232414245605, 0.557132339477539, -0.24750909805297855, -6.126075361899895, True], 34] 
[[0.2989285945892334, 0.3096232414245605, -0.010694646835327115, -0.011437547093237228, True], 34] 
[[0.2988575935363769, 0.2989285945892334, -7.100105285645641e-05, -5.041149506725318e-07, True], 34] 
[[0.2909471035003662, 0.2988575935363769, -0.007910490036010742, -0.006257585260982523, True], 34] 
[[0.0488993644714355, 0.2909471035003662, -0.24204773902893068, -0.5, False], 34] 
[[0.04849097728729246, 0.0488993644714355, -0.0004083871841430442, -0.5, False], 34] 
[[0.3089984893798828, 0.04849097728729246, 0.2605075120925903, 6.78641638566711, True], 34] 
[[-0.21520467996597292, -0.21520467996597292, 0.0, 0.0, True], 34] 
[[0.2968734741210937, -0.21520467996597292, 0.5120781540870667, 26.222403589321758, True], 35] 
[[0.3163734912872314, 0.2968734741210937, 0.019500017166137695, 0.03802506694796648, True], 35] 
[[0.057741212844848566, 0.3163734912872314, -0.25863227844238285, -6.689065545229826, True], 35] 
[[0.060890483856201105, 0.057741212844848566, 0.003149271011352539, 0.0009917907902945444, True], 35] 
[[0.3306262969970703, 0.060890483856201105, 0.2697358131408692, 7.27574088907659, True], 34] 
[[0.33800258636474606, 0.3306262969970703, 0.007376289367675759, 0.005440964483568645, True], 34] 
[[0.3414073944091797, 0.33800258636474606, 0.0034048080444336604, 0.0011592717819440166, True], 33] 
[[0.3367154121398926, 0.3414073944091797, -0.004691982269287132, -0.002201469761530482, True], 33] 
[[0.3384392738342285, 0.3367154121398926, 0.0017238616943359153, 0.0002971699141198693, True], 33] 
[[0.5914665222167969, 0.3384392738342285, 0.25302724838256835, 6.402278842405394, True], 33] 
[[0.5928565979003907, 0.5914665222167969, 0.0013900756835938388, 0.00019323104061188783, True], 34] 
[[0.6038193225860596, 0.5928565979003907, 0.010962724685668945, 0.012018133253377528, True], 34] 
[[0.5832681179046632, 0.6038193225860596, -0.020551204681396484, -0.04223520138566528, True], 34] 
[[0.6144341945648194, 0.5832681179046632, 0.03116607666015625, 0.09713243343867362, True], 32] 
[[0.8259282112121582, 0.6144341945648194, 0.2114940166473388, 4.472971907762481, True], 32] 
[[-0.21520467996597292, -0.21520467996597292, 0.0, 0.0, True], 32] 
[[0.03882026672363276, -0.21520467996597292, 0.2540249466896057, 6.4528673540657, True], 35] 
[[0.2811254024505615, 0.03882026672363276, 0.24230513572692874, 5.871177879964536, True], 35] 
[[0.03991594314575192, 0.2811254024505615, -0.24120945930480958, -5.818200325811858, True], 35] 
[[0.3102829933166504, 0.03991594314575192, 0.27036705017089846, 7.309834181811311, True], 35] 
[[0.5781798362731934, 0.3102829933166504, 0.267896842956543, 7.176871846608265, True], 34] 
[[0.3363963127136231, 0.5781798362731934, -0.24178352355957028, -5.8459272264881275, True], 34] 
[[0.5483749866485595, 0.3363963127136231, 0.21197867393493647, 4.493495820321412, True], 35] 
[[0.5976086616516113, 0.5483749866485595, 0.04923367500305176, 0.24239547543061235, True], 34] 
[[0.589214038848877, 0.5976086616516113, -0.008394622802734286, -0.007046969200018644, True], 34] 
[[0.3085976600646973, 0.589214038848877, -0.2806163787841797, -7.874555204194624, True], 34] 
[[0.33089275360107423, 0.3085976600646973, 0.02229509353637693, 0.04970711957957964, True], 34] 
[[0.328389835357666, 0.33089275360107423, -0.002502918243408203, -0.0006264599733185605, True], 33] 
[[0.33257646560668946, 0.328389835357666, 0.0041866302490234375, 0.001752787284203805, True], 35] 
[[0.30273461341857905, 0.33257646560668946, -0.029841852188110418, -0.08905361420170306, True], 35] 
[[0.5694523811340332, 0.30273461341857905, 0.26671776771545413, 7.113836761511496, True], 35] 
[[0.5428898334503174, 0.5694523811340332, -0.026562547683715798, -0.07055689394496754, True], 35] 
[[0.560984754562378, 0.5428898334503174, 0.01809492111206057, 0.03274261700516953, True], 35] 
[[0.5736358165740967, 0.560984754562378, 0.012651062011718728, 0.01600493700243527, True], 35] 
[[0.5625008106231689, 0.5736358165740967, -0.011135005950927757, -0.012398835752719656, True], 35] 
[[0.8000332832336425, 0.5625008106231689, 0.2375324726104736, 5.642167554444541, True], 35] 
[[-0.21520467996597292, -0.21520467996597292, 0.0, 0.0, True], 35] 
[[0.2958333969116211, -0.21520467996597292, 0.511038076877594, 26.115991601874967, True], 35] 
[[0.29762678146362304, 0.2958333969116211, 0.0017933845520019531, 0.0003216228151359246, True], 35] 
[[0.303932523727417, 0.29762678146362304, 0.00630574226379399, 0.003976238549739775, True], 35] 
[[0.3297091007232666, 0.303932523727417, 0.025776576995849565, 0.0664431921622961, True], 35] 
[[0.3300804615020752, 0.3297091007232666, 0.00037136077880861595, 1.379088280373418e-05, True], 35] 
[[0.05510292053222654, 0.3300804615020752, -0.27497754096984867, -7.561264803782481, True], 35] 
[[0.3217960357666016, 0.05510292053222654, 0.26669311523437506, 7.112521771341565, True], 34] 
[[0.33261613845825194, 0.3217960357666016, 0.010820102691650346, 0.011707462225785907, True], 34] 
[[0.32768754959106444, 0.33261613845825194, -0.0049285888671875, -0.0024290988221764565, True], 34] 
[[0.3318138122558593, 0.32768754959106444, 0.0041262626647948775, 0.0017026043578880123, True], 34] 
[[0.31614289283752445, 0.3318138122558593, -0.015670919418334872, -0.024557771541594497, True], 34] 
[[0.31185407638549806, 0.31614289283752445, -0.004288816452026389, -0.0018393946559172227, True], 34] 
[[0.30648574829101566, 0.31185407638549806, -0.0053683280944824, -0.002881894653000903, True], 34] 
[[0.5809131145477295, 0.30648574829101566, 0.2744273662567139, 7.531037935059658, True], 34] 
[[0.5731170177459717, 0.5809131145477295, -0.007796096801757857, -0.006077912534237909, True], 34] 
[[0.5813426971435547, 0.5731170177459717, 0.008225679397583008, 0.006766180155182155, True], 34] 
[[0.5872242450714111, 0.5813426971435547, 0.005881547927856445, 0.0034592606027672446, True], 33] 
[[0.5922632217407227, 0.5872242450714111, 0.0050389766693115234, 0.0025391285873865854, True], 33] 
[[0.5914833545684814, 0.5922632217407227, -0.0007798671722412109, -6.081928063395026e-05, True], 33] 
[[0.5879679679870605, 0.5914833545684814, -0.0035153865814209206, -0.0012357942816834267, True], 33] 
[[0.6030569076538086, 0.5879679679870605, 0.015088939666748069, -0.5, False], 33] 
[[0.6068675994873047, 0.6030569076538086, 0.003810691833496138, -0.5, False], 33] 
[[0.6104597091674805, 0.6068675994873047, 0.003592109680175759, 0.0012903251954412393, True], 33] 
[[0.6064393997192383, 0.6104597091674805, -0.004020309448242165, -0.0016162888059625224, True], 33] 
[[0.6143485069274902, 0.6064393997192383, 0.007909107208251887, 0.006255397683162195, True], 33] 
[[0.6056547164916992, 0.6143485069274902, -0.008693790435790993, -0.007558199214145095, True], 33] 
[[0.6082093238830567, 0.6056547164916992, 0.0025546073913574885, 0.0006526018923978312, True], 34] 
[[0.6081142425537109, 0.6082093238830567, -9.508132934576974e-05, -9.040459190158734e-07, True], 34] 
[[0.5953014373779297, 0.6081142425537109, -0.012812805175781206, -0.016416797647252564, True], 34] 
[[0.5912538528442383, 0.5953014373779297, -0.004047584533691473, -0.0016382940557378419, True], 33] 
[[-0.21520467996597292, -0.21520467996597292, 0.0, 0.0, True], 33] 
[[0.2958333969116211, -0.21520467996597292, 0.511038076877594, 26.115991601874967, True], 35] 
[[0.05249238014221186, 0.2958333969116211, -0.24334101676940922, -5.92148504423699, True], 35] 
[[0.062245416641235285, 0.05249238014221186, 0.009753036499023426, 0.009512172095128314, True], 35] 
[[0.06999647617340082, 0.062245416641235285, 0.0077510595321655384, 0.006007892387117426, True], 35] 
[[0.33785600662231446, 0.06999647617340082, 0.26785953044891364, 7.17487280523125, True], 35] 
[[0.3360902786254883, 0.33785600662231446, -0.0017657279968261719, -0.00031177953587757656, True], 35] 
[[0.32420902252197265, 0.3360902786254883, -0.011881256103515647, -0.014116424659732781, True], 35] 
[[0.3314968585968017, 0.32420902252197265, 0.007287836074829079, 0.0053112554653580125, True], 35] 
[[0.32360348701477054, 0.3314968585968017, -0.007893371582031183, -0.006230531493201747, True], 35] 
[[0.3202132225036621, 0.32360348701477054, -0.003390264511108465, -0.0011493893455281519, True], 35] 
[[0.567553472518921, 0.3202132225036621, 0.2473402500152589, 6.117719927761077, True], 35] 
[[0.31418232917785643, 0.567553472518921, -0.25337114334106453, -6.419693627795827, True], 35] 
[[0.5629545688629151, 0.31418232917785643, 0.24877223968505863, 6.188762723792026, True], 35] 
[[0.8107010841369628, 0.5629545688629151, 0.24774651527404778, 6.137833583043398, True], 34] 
[[-0.21520467996597292, -0.21520467996597292, 0.0, 0.0, True], 34] 
[[0.2958333969116211, -0.21520467996597292, 0.511038076877594, 26.115991601874967, True], 35] 
[[0.2996195793151855, 0.2958333969116211, 0.003786182403564431, 0.001433517719306093, True], 35] 
[[0.06707620620727534, 0.2996195793151855, -0.23254337310791018, -5.407642037640471, True], 35] 
[[0.06454837322235102, 0.06707620620727534, -0.0025278329849243164, -0.0006389939599671379, True], 35] 
[[0.06514496803283687, 0.06454837322235102, 0.000596594810485851, 3.559253678986484e-05, True], 35] 
[[0.05881538391113278, 0.06514496803283687, -0.0063295841217040905, -0.004006363515372854, True], 35] 
[[0.05674231052398676, 0.05881538391113278, -0.0020730733871460183, -0.0004297633268493065, True], 35] 
[[0.05255944728851314, 0.05674231052398676, -0.004182863235473622, -0.0017496344846676855, True], 35] 
[[0.05266139507293699, 0.05255944728851314, 0.00010194778442385033, 1.039335074893186e-06, True], 35] 
[[0.31600832939147944, 0.05266139507293699, 0.26334693431854245, 6.93516078149747, True], 35] 
[[0.30238580703735346, 0.31600832939147944, -0.013622522354125977, -0.018557311528866194, True], 35] 
[[0.3213150978088379, 0.30238580703735346, 0.01892929077148442, 0.03583180491114052, True], 35] 
[[0.3277947902679443, 0.3213150978088379, 0.006479692459106401, 0.004198641436460036, True], 35] 
[[0.3303804397583007, 0.3277947902679443, 0.0025856494903564453, 0.0006685583286980545, True], 35] 
[[0.3208605766296387, 0.3303804397583007, -0.009519863128662043, -0.009062779398845906, True], 35] 
[[0.3175111770629883, 0.3208605766296387, -0.0033493995666503684, -0.0011218477457077675, True], 35] 
[[0.3133701801300049, 0.3175111770629883, -0.004140996932983421, -0.0017147855598978097, True], 35] 
[[0.31942520141601566, 0.3133701801300049, 0.006055021286010764, 0.003666328277404345, True], 34] 
[[0.5777247428894043, 0.31942520141601566, 0.2582995414733887, 6.6718653125362835, True], 34] 
[[0.585116195678711, 0.5777247428894043, 0.007391452789306641, 0.005463357433654892, True], 34] 
[[0.574633550643921, 0.585116195678711, -0.010482645034790017, -0.010988584692540779, True], 34] 
[[0.5787232875823974, 0.574633550643921, 0.004089736938476474, 0.001672594822593892, True], 34] 
[[0.5873413562774659, 0.5787232875823974, 0.008618068695068426, 0.00742711080329184, True], 34] 
[[0.5795176506042481, 0.5873413562774659, -0.007823705673217773, -0.006121037046113997, True], 34] 
[[0.5744777202606202, 0.5795176506042481, -0.00503993034362793, -0.5, False], 34] 
[[0.5886331558227539, 0.5744777202606202, 0.014155435562133722, -0.5, False], 34] 
[[0.5873295783996583, 0.5886331558227539, -0.0013035774230956143, -0.5, False], 34] 
[[0.5855766296386719, 0.5873295783996583, -0.001752948760986417, -0.0003072829358643814, True], 34] 
[[0.5904819488525391, 0.5855766296386719, 0.004905319213867276, 0.0024062156589935474, True], 34] 
[[0.567563533782959, 0.5904819488525391, -0.022918415069580145, -0.05252537493015583, True], 33] 
[[-0.21520467996597292, -0.21520467996597292, 0.0, 0.0, True], 33] 
[[0.2958333969116211, -0.21520467996597292, 0.511038076877594, 26.115991601874967, True], 35] 
[[0.04648532867431637, 0.2958333969116211, -0.2493480682373047, -6.2174459133675555, True], 35] 
[[0.06408872604370114, 0.04648532867431637, 0.017603397369384766, 0.03098795989444625, True], 35] 
[[0.06570038795471189, 0.06408872604370114, 0.0016116619110107533, 0.0002597454115402833, True], 34] 
[[0.0680160522460937, 0.06570038795471189, 0.0023156642913818026, 0.0005362301110380786, True], 34] 
[[0.06772141456603997, 0.0680160522460937, -0.00029463768005372204, -8.681136250743947e-06, True], 34] 
[[0.06440734863281244, 0.06772141456603997, -0.003314065933227528, -0.0010983033009779246, True], 34] 
[[0.0642391920089721, 0.06440734863281244, -0.00016815662384034313, -2.827665014138266e-06, True], 34] 
[[0.30777697563171386, 0.0642391920089721, 0.24353778362274175, 5.931065205187737, True], 35] 
[[0.30640320777893065, 0.30777697563171386, -0.0013737678527832031, -0.00018872381133405725, True], 35] 
[[0.31055898666381837, 0.30640320777893065, 0.0041557788848877175, 0.00172704981400786, True], 34] 
[[0.3185624599456787, 0.31055898666381837, 0.008003473281860352, 0.006405558457345251, True], 34] 
[[0.3127325534820557, 0.3185624599456787, -0.005829906463623025, -0.003398780937459352, True], 34] 
[[0.31078333854675294, 0.3127325534820557, -0.0019492149353027566, -0.00037994388640073297, True], 34] 
[[0.3082901000976563, 0.31078333854675294, -0.0024932384490966575, -0.0006216237964053906, True], 34] 
[[0.06440396308898921, 0.3082901000976563, -0.24388613700866707, -5.948044782501033, True], 34] 
[[0.3059132099151611, 0.06440396308898921, 0.24150924682617186, 5.832671630254481, True], 34] 
[[0.308637809753418, 0.3059132099151611, 0.0027245998382569026, 0.000742344427862954, True], 34] 
[[0.06444773674011228, 0.308637809753418, -0.2441900730133057, -5.962879175824357, True], 34] 
[[0.0657907962799072, 0.06444773674011228, 0.0013430595397949108, -0.5, False], 34] 
[[0.06285805702209468, 0.0657907962799072, -0.002932739257812511, -0.0008600959554314678, True], 34] 
[[0.0637429237365722, 0.06285805702209468, 0.0008848667144775169, 7.829891023902353e-05, True], 34] 
[[0.06455419063568113, 0.0637429237365722, 0.0008112668991089311, 6.581539815898207e-05, True], 34] 
[[0.06311483383178706, 0.06455419063568113, -0.0014393568038940652, -0.00020717480089161384, True], 34] 
[[0.5608864784240722, 0.06311483383178706, 0.4977716445922852, 24.777661016010825, True], 34] 
[[0.5715739727020264, 0.5608864784240722, 0.010687494277954124, 0.011422253394130213, True], 34] 
[[0.8226045608520508, 0.5715739727020264, 0.25103058815002444, 6.301635618694718, True], 34] 
[[-0.21520467996597292, -0.21520467996597292, 0.0, 0.0, True], 34] 
[[0.2968734741210937, -0.21520467996597292, 0.5120781540870667, 26.222403589321758, True], 35] 
[[0.30246438980102536, 0.2968734741210937, 0.005590915679931641, 0.003125833814010548, True], 35] 
[[0.057130241394042935, 0.30246438980102536, -0.24533414840698242, -6.018884437457928, True], 35] 
[[0.03249750137329099, 0.057130241394042935, -0.024632740020751942, -0.06067718809299544, True], 35] 
[[0.04956483840942377, 0.03249750137329099, 0.01706733703613278, 0.029129399350494963, True], 35] 
[[0.05170369148254389, 0.04956483840942377, 0.002138853073120117, 0.00045746924683953694, True], 35] 
[[0.05425028800964349, 0.05170369148254389, 0.0025465965270995983, 0.0006485153871835735, True], 34] 
[[0.03844876289367671, 0.05425028800964349, -0.015801525115966775, -0.02496881959905288, True], 34] 
[[0.03947641849517819, 0.03844876289367671, 0.001027655601501476, 0.00010560760352973603, True], 35] 
[[0.04137806892395013, 0.03947641849517819, 0.0019016504287719393, 0.00036162743532485006, True], 34] 
[[0.04397647380828851, 0.04137806892395013, 0.002598404884338379, 0.0006751707942953544, True], 34] 
[[0.29891538619995117, 0.04397647380828851, 0.25493891239166266, 6.499384905144386, True], 35] 
[[0.3112088203430176, 0.29891538619995117, 0.01229343414306644, 0.015112852302991168, True], 35] 
[[0.3236627578735351, 0.3112088203430176, 0.01245393753051749, 0.015510056001403205, True], 34] 
[[0.3168360710144043, 0.3236627578735351, -0.006826686859130793, -0.004660365347262905, True], 34] 
[[0.3149044513702392, 0.3168360710144043, -0.0019316196441651057, -0.00037311544497245296, True], 34] 
[[0.5973615646362305, 0.3149044513702392, 0.28245711326599127, 7.9782020834557015, True], 35] 
[[0.5980216503143311, 0.5973615646362305, 0.0006600856781006081, 4.357131024335397e-05, True], 34] 
[[0.5940027236938477, 0.5980216503143311, -0.004018926620483421, -0.0016151771180830288, True], 34] 
[[0.602475929260254, 0.5940027236938477, 0.008473205566406294, 0.0071795212570578614, True], 34] 
[[0.5975748062133789, 0.602475929260254, -0.004901123046875067, -0.002402100712060994, True], 34] 
[[0.5969988822937012, 0.5975748062133789, -0.0005759239196776456, -3.316883612568631e-05, True], 34] 
[[0.598685359954834, 0.5969988822937012, 0.0016864776611327237, 0.0002844206901499702, True], 34] 
[[0.5969006061553955, 0.598685359954834, -0.0017847537994384322, -0.00031853461246099195, True], 34] 
[[0.6102095603942871, 0.5969006061553955, 0.013308954238891557, 0.017712826293290955, True], 34] 
[[0.598552131652832, 0.6102095603942871, -0.011657428741455034, -0.013589564486210189, True], 34] 
[[0.6154963493347169, 0.598552131652832, 0.01694421768188481, 0.028710651285109783, True], 34] 
[[0.6230204582214356, 0.6154963493347169, 0.007524108886718728, 0.005661221453919973, True], 34] 
[[0.612459659576416, 0.6230204582214356, -0.010560798645019576, -0.01115304680206473, True], 34] 
[[0.6228318691253663, 0.612459659576416, 0.01037220954895024, 0.010758273092733453, True], 34] 
[[-0.21520467996597292, -0.21520467996597292, 0.0, 0.0, True], 34] 
[[0.3043057441711426, -0.21520467996597292, 0.5195104241371156, 26.989108078712572, True], 35] 
[[0.058629155158996527, 0.3043057441711426, -0.24567658901214606, -6.035698638864294, True], 35] 
[[0.0608615398406982, 0.058629155158996527, 0.0022323846817016713, 0.0004983541367096272, True], 35] 
[[0.053370094299316384, 0.0608615398406982, -0.007491445541381814, -0.005612175629948946, True], 35] 
[[0.05403168201446529, 0.053370094299316384, 0.0006615877151489036, 4.3769830483594675e-05, True], 35] 
[[0.054107832908630304, 0.05403168201446529, 7.615089416501686e-05, 5.798958682131599e-07, True], 35] 
[[0.053739976882934526, 0.054107832908630304, -0.0003678560256957786, -1.3531805564069331e-05, True], 35] 
[[0.31286849975585934, 0.053739976882934526, 0.2591285228729248, 6.714759136630391, True], 35] 
[[0.31493754386901857, 0.31286849975585934, 0.002069044113159224, 0.000428094354219884, True], 35] 
[[0.3118219375610351, 0.31493754386901857, -0.003115606307983465, -0.0009707002666346358, True], 35] 
[[0.3132645606994629, 0.3118219375610351, 0.001442623138427801, 0.00020811615195272782, True], 35] 
[[0.33136477470397946, 0.3132645606994629, 0.018100214004516557, 0.03276177470092973, True], 34] 
[[0.33159332275390624, 0.33136477470397946, 0.00022854804992678002, 5.223421112533393e-06, True], 34] 
[[0.3317842960357666, 0.33159332275390624, 0.00019097328186035156, 3.6470794384513283e-06, True], 33] 
[[0.31487627029418946, 0.3317842960357666, -0.016908025741577126, -0.02858813344778347, True], 33] 
[[0.3023821830749512, 0.31487627029418946, -0.012494087219238281, -0.015610221544193337, True], 33] 
[[0.3319690704345703, 0.3023821830749512, 0.02958688735961912, 0.08753839036307896, True], 33] 
[[0.3438261985778808, 0.3319690704345703, 0.011857128143310525, 0.01405914878068865, True], 33] 
[[0.3463698863983154, 0.3438261985778808, 0.0025436878204345703, 0.0006470347727827175, True], 32] 
[[0.34771537780761713, 0.3463698863983154, 0.0013454914093017356, 0.00018103471325047707, True], 34] 
[[0.5831568241119385, 0.34771537780761713, 0.23544144630432134, 5.543267463787062, True], 34] 
[[0.5834112167358398, 0.5831568241119385, 0.0002543926239013672, 6.471560709542246e-06, True], 34] 
[[0.5875630378723145, 0.5834112167358398, 0.004151821136474609, 0.0017237618749277317, True], 35] 
[[0.5931579589843751, 0.5875630378723145, 0.0055949211120606135, 0.0031303142250181572, True], 35] 
[[0.5845403671264648, 0.5931579589843751, -0.008617591857910223, -0.007426288942952056, True], 35] 
[[0.5783139228820801, 0.5845403671264648, -0.006226444244384788, -0.0038768607928432453, True], 35] 
[[0.3170520782470703, 0.5783139228820801, -0.26126184463500973, -6.825775146208795, True], 35] 
[[0.3339361667633057, 0.3170520782470703, 0.01688408851623535, 0.028507244502407048, True], 35] 
[[0.8340614318847657, 0.3339361667633057, 0.50012526512146, 25.012528081281072, True], 35] 
[[-0.21520467996597292, -0.21520467996597292, 0.0, 0.0, True], 35] 
[[0.03882026672363276, -0.21520467996597292, 0.2540249466896057, 6.4528673540657, True], 35] 
[[0.2943859100341797, 0.03882026672363276, 0.25556564331054693, 6.53137980407337, True], 35] 
[[0.042312622070312444, 0.2943859100341797, -0.25207328796386724, -6.354094250491474, True], 35] 
[[0.04381935596466058, 0.042312622070312444, 0.0015067338943481334, 0.00022702470283774922, True], 35] 
[[0.2995997428894043, 0.04381935596466058, 0.2557803869247437, 6.54236063353716, True], 35] 
[[0.3087203502655029, 0.2995997428894043, 0.0091206073760986, 0.008318547890894418, True], 35] 
[[0.318559741973877, 0.3087203502655029, 0.009839391708374112, 0.009681362919082124, True], 35] 
[[0.2935049057006836, 0.318559741973877, -0.02505483627319338, -0.06277448206765268, True], 35] 
[[0.32294216156005856, 0.2935049057006836, 0.029437255859374956, 0.08665520325303051, True], 35] 
[[0.3262673377990723, 0.32294216156005856, 0.0033251762390137385, 0.001105679702050155, True], 35] 
[[0.3303080558776856, 0.3262673377990723, 0.004040718078613281, 0.0016327402590832207, True], 35] 
[[0.3275776863098145, 0.3303080558776856, -0.0027303695678710938, -0.0007454917977156583, True], 35] 
[[0.32751007080078126, 0.3275776863098145, -6.761550903322533e-05, -4.571857061822176e-07, True], 35] 
[[0.3299993515014648, 0.32751007080078126, 0.0024892807006835493, 0.0006196518406795582, True], 35] 
[[0.3300308227539062, 0.3299993515014648, 3.147125244140625e-05, 9.904397302307189e-08, True], 35] 
[[0.3268899440765381, 0.3300308227539062, -0.0031408786773681197, -0.0009865118865945708, True], 35] 
[[0.3267759323120117, 0.3268899440765381, -0.0001140117645264116, -1.2998682450425926e-06, True], 35] 
[[0.33430829048156735, 0.3267759323120117, 0.007532358169555664, 0.005673641959447195, True], 35] 
[[0.3359699726104736, 0.33430829048156735, 0.0016616821289062722, 0.0002761187497526481, True], 35] 
[[0.33070659637451166, 0.3359699726104736, -0.0052633762359619585, -0.0027703129401289075, True], 35] 
[[0.33273553848266596, 0.33070659637451166, 0.002028942108154297, 0.00041166060782416025, True], 35] 
[[0.5743495464324951, 0.33273553848266596, 0.24161400794982918, 5.8377328837580125, True], 35] 
[[0.5867441177368165, 0.5743495464324951, 0.012394571304321311, 0.01536253978179053, True], 35] 
[[0.581043291091919, 0.5867441177368165, -0.005700826644897461, -0.003249942443517284, True], 35] 
[[0.5891979694366455, 0.581043291091919, 0.008154678344726496, 0.0066498778905951265, True], 35] 
[[0.5849259376525879, 0.5891979694366455, -0.004272031784057551, -0.001825025556399794, True], 35] 
[[0.5688414573669434, 0.5849259376525879, -0.016084480285644576, -0.0258710506059289, True], 35] 
[[0.5787604808807373, 0.5688414573669434, 0.009919023513793923, 0.009838702746719675, True], 35] 
[[0.3350541114807129, 0.5787604808807373, -0.24370636940002438, -5.939279448614114, True], 35] 
[[0.581871509552002, 0.3350541114807129, 0.24681739807128905, 6.091882799068117, True], 35] 
[[-0.21520467996597292, -0.21520467996597292, 0.0, 0.0, True], 35] 
[[0.023112940788268976, -0.21520467996597292, 0.2383176207542419, 5.679528836196267, True], 34] 
[[0.036838865280151345, 0.023112940788268976, 0.013725924491882369, 0.018840100315685625, True], 35] 
[[0.286296272277832, 0.036838865280151345, 0.24945740699768065, 6.22289979060065, True], 35] 
[[0.03584518432617184, 0.286296272277832, -0.25045108795166016, -6.272574745617021, True], 34] 
[[0.03012013435363764, 0.03584518432617184, -0.005725049972534202, -0.0032776197188013867, True], 34] 
[[0.2764479637145996, 0.03012013435363764, 0.24632782936096198, 6.0677399517683215, True], 35] 
[[0.28434276580810547, 0.2764479637145996, 0.007894802093505848, 0.006232790009562433, True], 35] 
[[0.3032139301300049, 0.28434276580810547, 0.018871164321899447, 0.03561208428641306, True], 35] 
[[0.3059076309204101, 0.3032139301300049, 0.002693700790405207, 0.0007256023948229636, True], 35] 
[[0.2897132873535156, 0.3059076309204101, -0.01619434356689453, -0.02622567635626183, True], 35] 
[[0.2808969497680664, 0.2897132873535156, -0.008816337585449197, -0.007772780842060417, True], 35] 
[[0.043226099014282204, 0.2808969497680664, -0.2376708507537842, -5.648743329802755, True], 35] 
[[0.044207882881164506, 0.043226099014282204, 0.000981783866882302, 9.638995612703657e-05, True], 35] 
[[0.30769753456115717, 0.044207882881164506, 0.26348965167999266, 6.942679654244387, True], 34] 
[[0.31585273742675785, 0.30769753456115717, 0.008155202865600675, 0.006650733377910146, True], 35] 
[[0.31338286399841303, 0.31585273742675785, -0.0024698734283448154, -0.0006100274752043772, True], 35] 
[[0.3183828353881836, 0.31338286399841303, 0.004999971389770597, 0.0024999713898524512, True], 34] 
[[0.3160773277282715, 0.3183828353881836, -0.0023055076599121094, -0.0005315365569913411, True], 34] 
[[0.32094593048095704, 0.3160773277282715, 0.004868602752685525, 0.0023703292763457067, True], 34] 
[[0.3270772457122803, 0.32094593048095704, 0.006131315231323264, 0.0037593026465856656, True], 34] 
[[0.3258221626281738, 0.3270772457122803, -0.0012550830841064897, -0.0001575233548010258, True], 34] 
[[0.3272870540618897, 0.3258221626281738, 0.0014648914337158647, 0.00021459069125741217, True], 34] 
[[0.3214085102081298, 0.3272870540618897, -0.0058785438537598544, -0.003455727784057776, True], 33] 
[[0.31781930923461915, 0.3214085102081298, -0.0035892009735106756, -0.001288236362824998, True], 33] 
[[0.3217913627624512, 0.31781930923461915, 0.003972053527832031, 0.0015777209227962885, True], 33] 
[[0.3177359580993652, 0.3217913627624512, -0.00405540466308596, -0.0016446306981379346, True], 33] 
[[0.3207676887512207, 0.3177359580993652, 0.0030317306518554688, 0.0009191390745399985, True], 33] 
[[0.05745873451232908, 0.3207676887512207, -0.2633089542388916, -6.933160538237871, True], 33] 
[[0.31444654464721683, 0.05745873451232908, 0.25698781013488775, 6.604273455792511, True], 33] 
[[0.3103301525115966, 0.31444654464721683, -0.004116392135620206, -0.001694468421419588, True], 33] 
[[-0.21520467996597292, -0.21520467996597292, 0.0, 0.0, True], 33] 
[[-0.22325685024261477, -0.21520467996597292, -0.008052170276641846, -0.006483744616403442, True], 35] 
[[0.029211282730102484, -0.22325685024261477, 0.25246813297271725, 6.374015816672963, True], 35] 
[[0.0419504880905151, 0.029211282730102484, 0.01273920536041262, 0.01622873532147656, True], 35] 
[[0.2727766513824463, 0.0419504880905151, 0.23082616329193117, 5.3280717660073265, True], 35] 
[[0.2890299797058105, 0.2727766513824463, 0.016253328323364236, 0.026417068158707407, True], 35] 
[[0.3055721759796142, 0.2890299797058105, 0.01654219627380371, 0.027364425756104538, True], 35] 
[[0.30272417068481444, 0.3055721759796142, -0.0028480052947997825, -0.0008111134159207596, True], 35] 
[[0.2908564567565918, 0.30272417068481444, -0.011867713928222667, -0.014084263388213029, True], 34] 
[[0.040912961959838845, 0.2908564567565918, -0.24994349479675293, -6.247175059121446, True], 34] 
[[0.28406262397766113, 0.040912961959838845, 0.2431496620178223, 5.91217581393812, True], 34] 
[[0.2910147666931152, 0.28406262397766113, 0.006952142715454079, 0.004833228833604122, True], 34] 
[[0.2898835182189941, 0.2910147666931152, -0.0011312484741211049, -0.0001279723110201328, True], 34] 
[[0.2943153381347656, 0.2898835182189941, 0.004431819915771518, 0.001964102776582906, True], 34] 
[[0.5474726676940919, 0.2943153381347656, 0.25315732955932624, 6.4088633509609325, True], 34] 
[[0.5568151950836182, 0.5474726676940919, 0.009342527389526345, 0.008728281802404994, True], 34] 
[[0.5616809844970704, 0.5568151950836182, 0.004865789413452171, 0.002367590661606322, True], 34] 
[[0.8359996795654296, 0.5616809844970704, 0.27431869506835926, 7.525074646400749, True], 34] 
[[-0.21520467996597292, -0.21520467996597292, 0.0, 0.0, True], 34] 
[[0.0384951591491699, -0.21520467996597292, 0.2536998391151428, 6.436360836704935, True], 34] 
[[0.024842691421508745, 0.0384951591491699, -0.013652467727661155, -0.018638987505482933, True], 35] 
[[0.04083118438720701, 0.024842691421508745, 0.015988492965698264, 0.025563190731418287, True], 35] 
[[0.30627598762512204, 0.04083118438720701, 0.26544480323791503, 7.046094356601543, True], 35] 
[[0.31294288635253903, 0.30627598762512204, 0.006666898727416992, 0.004444753864163431, True], 35] 
[[0.30478181838989254, 0.31294288635253903, -0.008161067962646484, -0.006660303029093484, True], 35] 
[[0.31064119338989254, 0.30478181838989254, 0.005859375, 0.0034332275390625, True], 35] 
[[0.3133347034454345, 0.31064119338989254, 0.00269351005554197, 0.0007254996419305707, True], 35] 
[[0.31348028182983395, 0.3133347034454345, 0.00014557838439943627, 2.119306600435003e-06, True], 35] 
[[0.31568346023559574, 0.31348028182983395, 0.0022031784057617854, 0.0004853995087615042, True], 34] 
[[0.32019453048706054, 0.31568346023559574, 0.004511070251464799, 0.002034975481365069, True], 34] 
[[0.3186941623687744, 0.32019453048706054, -0.0015003681182861328, -0.0002251104490369471, True], 34] 
[[0.32549543380737306, 0.3186941623687744, 0.006801271438598655, 0.004625729318149782, True], 34] 
[[0.31943254470825194, 0.32549543380737306, -0.006062889099121116, -0.0036758624228241657, True], 34] 
[[0.312644100189209, 0.31943254470825194, -0.006788444519042924, -0.5, False], 34] 
[[0.3059427261352539, 0.312644100189209, -0.0067013740539551, -0.004490841421102261, True], 34] 
[[0.3069076538085937, 0.3059427261352539, 0.0009649276733397771, 9.310854147769156e-05, True], 34] 
[[0.3215612411499023, 0.3069076538085937, 0.014653587341308616, 0.021472762196936012, True], 34] 
[[0.5726443767547608, 0.3215612411499023, 0.25108313560485845, 6.304274098516774, True], 34] 
[[0.32734751701354975, 0.5726443767547608, -0.24529685974121102, -6.017054939889936, True], 34] 
[[0.30803985595703126, 0.32734751701354975, -0.019307661056518488, -0.03727857754734006, True], 34] 
[[0.3101150035858154, 0.30803985595703126, 0.0020751476287841353, 0.00043062376812484193, True], 34] 
[[0.3030295372009277, 0.3101150035858154, -0.0070854663848877175, -0.005020383389137382, True], 34] 
[[0.3207844734191894, 0.3030295372009277, 0.01775493621826174, 0.03152377601145425, True], 34] 
[[0.319910192489624, 0.3207844734191894, -0.0008742809295654297, -7.643671438017918e-05, True], 34] 
[[0.32667179107666017, 0.319910192489624, 0.006761598587036177, 0.004571921545220963, True], 34] 
[[0.5771834850311279, 0.32667179107666017, 0.25051169395446776, 6.275610880793693, True], 34] 
[[0.5764734268188477, 0.5771834850311279, -0.0007100582122802068, -5.0418266482656326e-05, True], 34] 
[[0.5760627269744873, 0.5764734268188477, -0.00041069984436037377, -1.6867436215763523e-05, True], 34] 
[[0.5668524265289306, 0.5760627269744873, -0.009210300445556707, -0.008482963429742208, True], 34] 
[[-0.21520467996597292, -0.21520467996597292, 0.0, 0.0, True], 34] 
[[0.045220708847045876, -0.21520467996597292, 0.2604253888130188, 6.782138313841202, True], 34] 
[[0.02779002189636226, 0.045220708847045876, -0.017430686950683616, -0.03038288475727321, True], 35] 
[[0.27941141128540037, 0.02779002189636226, 0.2516213893890381, 6.331332359806993, True], 35] 
[[0.27882542610168454, 0.27941141128540037, -0.0005859851837158314, -3.433786355344767e-05, True], 35] 
[[0.28141164779663086, 0.27882542610168454, 0.0025862216949463224, 0.0006688542655411029, True], 34] 
[[0.3025938510894775, 0.28141164779663086, 0.021182203292846646, 0.04486857363394833, True], 34] 
[[0.29208598136901853, 0.3025938510894775, -0.010507869720458973, -0.011041532606213855, True], 35] 
[[0.3034928321838379, 0.29208598136901853, 0.011406850814819347, 0.01301162455115448, True], 35] 
[[0.5452815055847168, 0.3034928321838379, 0.2417886734008789, 5.846176258495689, True], 35] 
[[0.5517284870147705, 0.5452815055847168, 0.006446981430053733, 0.004156356955945768, True], 35] 
[[0.31460680961608883, 0.5517284870147705, -0.23712167739868167, -5.6226689892364465, True], 35] 
[[0.3264578819274902, 0.31460680961608883, 0.011851072311401367, 0.014044791493006414, True], 35] 
[[0.32120738029479984, 0.3264578819274902, -0.005250501632690363, -0.002756776739488417, True], 35] 
[[0.3065566062927246, 0.32120738029479984, -0.014650774002075262, -0.021464517885988438, True], 35] 
[[0.3103393077850342, 0.3065566062927246, 0.003782701492309637, 0.0014308830579921553, True], 35] 
[[0.5699638366699219, 0.3103393077850342, 0.2596245288848877, 6.7404895998699885, True], 35] 
[[0.567935562133789, 0.5699638366699219, -0.002028274536132857, -0.00041138975939249557, True], 35] 
[[0.3162423133850098, 0.567935562133789, -0.25169324874877924, -6.3349491465714864, True], 35] 
[[0.3230601310729981, 0.3162423133850098, 0.006817817687988281, 0.004648263802664587, True], 35] 
[[0.3270302772521973, 0.3230601310729981, 0.003970146179199219, 0.0015762060684210155, True], 35] 
[[0.30401515960693354, 0.3270302772521973, -0.02301511764526376, -0.05296956402253313, True], 35] 
[[0.3229240894317627, 0.30401515960693354, 0.018908929824829168, 0.0357547627120314, True], 35] 
[[0.05844292640686033, 0.3229240894317627, -0.2644811630249024, -6.9950285595005, True], 34] 
[[0.05545105934143063, 0.05844292640686033, -0.0029918670654296986, -0.0008951268537202916, True], 34] 
[[0.05820875167846673, 0.05545105934143063, 0.0027576923370360995, 0.0007604867025747625, True], 34] 
[[0.05301842689514158, 0.05820875167846673, -0.005190324783325151, -0.0026939471356399276, True], 35] 
[[0.2954852104187012, 0.05301842689514158, 0.2424667835235596, 5.879014111226072, True], 35] 
[[0.3266666889190674, 0.2954852104187012, 0.031181478500366233, 0.09722846014688016, True], 35] 
[[0.31838650703430177, 0.3266666889190674, -0.008280181884765647, -0.006856141204480118, True], 35] 
[[0.33041296005249027, 0.31838650703430177, 0.012026453018188499, 0.014463557219869526, True], 34] 
[[-0.21520467996597292, -0.21520467996597292, 0.0, 0.0, True], 34] 
[[0.020971298217773382, -0.21520467996597292, 0.2361759781837463, 5.577909267104941, True], 35] 
[[0.03214886188507077, 0.020971298217773382, 0.011177563667297385, 0.012493792953648658, True], 35] 
[[0.282708740234375, 0.03214886188507077, 0.2505598783493042, 6.278025263841812, True], 35] 
[[0.29358811378479005, 0.282708740234375, 0.010879373550415072, 0.011836076884947106, True], 35] 
[[0.2993342876434326, 0.29358811378479005, 0.005746173858642567, 0.003301851401374721, True], 35] 
[[0.2964031219482422, 0.2993342876434326, -0.0029311656951904186, -0.000859173233266113, True], 35] 
[[0.05356097221374506, 0.2964031219482422, -0.24284214973449714, -5.897230968767194, True], 35] 
[[0.06178171634674068, 0.05356097221374506, 0.008220744132995617, 0.006758063410018185, True], 35] 
[[0.562901782989502, 0.06178171634674068, 0.5011200666427613, 25.112132119204556, True], 35] 
[[0.5440241813659669, 0.562901782989502, -0.018877601623535134, -0.03563638430568963, True], 35] 
[[0.5714776515960693, 0.5440241813659669, 0.027453470230102472, 0.07536930276751228, True], 35] 
[[0.3203832149505615, 0.5714776515960693, -0.25109443664550785, -6.304841611432496, True], 35] 
[[0.5592455387115479, 0.3203832149505615, 0.23886232376098643, 5.70552097124983, True], 34] 
[[0.3218626022338867, 0.5592455387115479, -0.23738293647766123, -5.6350658530757345, True], 35] 
[[0.31485023498535153, 0.3218626022338867, -0.007012367248535156, -0.004917329442832852, True], 35] 
[[0.30703830718994135, 0.31485023498535153, -0.0078119277954101785, -0.006102621588070213, True], 35] 
[[0.30607271194458, 0.30703830718994135, -0.0009655952453613281, -9.323741778644035e-05, True], 35] 
[[0.30702896118164064, 0.30607271194458, 0.0009562492370606135, 9.144126033790054e-05, True], 35] 
[[0.5474966049194336, 0.30702896118164064, 0.240467643737793, 5.782468768480614, True], 35] 
[[0.5605417251586914, 0.5474966049194336, 0.013045120239257746, 0.017017516205669207, True], 35] 
[[0.572904109954834, 0.5605417251586914, 0.0123623847961426, 0.015282855784789773, True], 35] 
[[0.580080795288086, 0.572904109954834, 0.0071766853332519975, 0.005150481237251433, True], 35] 
[[0.5761437892913819, 0.580080795288086, -0.0039370059967041016, -0.0015500016218084056, True], 35] 
[[0.5785599708557129, 0.5761437892913819, 0.002416181564330988, 0.0005837933351812941, True], 35] 
[[0.5624302864074707, 0.5785599708557129, -0.016129684448242143, -0.026016672039986446, True], 35] 
[[0.5631928443908691, 0.5624302864074707, 0.0007625579833984153, 5.814946780446578e-05, True], 35] 
[[0.5739112854003906, 0.5631928443908691, 0.010718441009521462, 0.011488497767459147, True], 35] 
[[0.5770968914031983, 0.5739112854003906, 0.003185606002807706, 0.001014808560512449, True], 35] 
[[0.5609249591827393, 0.5770968914031983, -0.016171932220458984, -0.026153139174311946, True], 35] 
[[0.5728980541229248, 0.5609249591827393, 0.011973094940185502, 0.014335500244669569, True], 35] 
[[-0.21520467996597292, -0.21520467996597292, 0.0, 0.0, True], 35] 
[[0.034150719642639105, -0.21520467996597292, 0.24935539960861203, 6.217811531397059, True], 34] 
[[0.03432462215423582, 0.034150719642639105, 0.000173902511596713, 3.0242083539644896e-06, True], 34] 
[[0.285797119140625, 0.03432462215423582, 0.2514724969863892, 6.3238416740569505, True], 34] 
[[0.28816852569580076, 0.285797119140625, 0.002371406555175759, 0.000562356904993056, True], 34] 
[[0.29528136253356935, 0.28816852569580076, 0.007112836837768588, 0.005059244788071785, True], 34] 
[[0.29051833152770995, 0.29528136253356935, -0.004763031005859397, -0.002268646436277798, True], 34] 
[[0.26335706710815426, 0.29051833152770995, -0.027161264419555686, -0.07377342848690217, True], 34] 
[[0.2830606937408447, 0.26335706710815426, 0.01970362663269043, 0.03882329024804676, True], 34] 
[[0.28360142707824704, 0.2830606937408447, 0.0005407333374023438, 2.9239254217827693e-05, True], 34] 
[[0.037240743637084905, 0.28360142707824704, -0.24636068344116213, -6.069358634559649, True], 35] 
[[0.041453766822814875, 0.037240743637084905, 0.004213023185729969, 0.00177495643634983, True], 35] 
[[-0.22777148485183718, 0.041453766822814875, -0.26922525167465206, -7.248223613927974, True], 34] 
[[-0.22588620185852054, -0.22777148485183718, 0.0018852829933166393, 0.00035542919648889475, True], 34] 
[[0.27126598358154297, -0.22588620185852054, 0.4971521854400635, 24.716029548783126, True], 34] 
[[0.30065965652465815, 0.27126598358154297, 0.02939367294311518, 0.08639880090868213, True], 34] 
[[0.3127294540405274, 0.30065965652465815, 0.01206979751586923, 0.014568001207408303, True], 34] 
[[0.31950759887695307, 0.3127294540405274, 0.006778144836425692, 0.0045943247423564275, True], 34] 
[[0.32038087844848634, 0.31950759887695307, 0.0008732795715332697, 7.626172100573311e-05, True], 34] 
[[0.5835960865020752, 0.32038087844848634, 0.26321520805358883, 6.928224575069405, True], 34] 
[[0.5943636417388917, 0.5835960865020752, 0.010767555236816495, 0.011594024577789432, True], 34] 
[[0.5967989444732666, 0.5943636417388917, 0.002435302734374978, -0.5, False], 34] 
[[0.6095098972320557, 0.5967989444732666, 0.012710952758789085, 0.016156832003616783, True], 34] 
[[0.6073307037353516, 0.6095098972320557, -0.002179193496704146, -0.00047488842960776426, True], 34] 
[[0.6047730445861816, 0.6073307037353516, -0.002557659149169944, -0.0006541620323332723, True], 34] 
[[0.5899684429168701, 0.6047730445861816, -0.014804601669311523, -0.021917623058698155, True], 34] 
[[0.5939077377319336, 0.5899684429168701, 0.003939294815063499, -0.5, False], 34] 
[[0.5894966125488281, 0.5939077377319336, -0.004411125183105491, -0.5, False], 34] 
[[0.5936210632324219, 0.5894966125488281, 0.004124450683593794, 0.0017011093441397318, True], 34] 
[[0.5989004611968994, 0.5936210632324219, 0.005279397964477517, 0.002787204286732935, True], 34] 
[[0.3147603988647461, 0.5989004611968994, -0.28414006233215333, -8.073557502211997, True], 34] 
[[-0.21520467996597292, -0.21520467996597292, 0.0, 0.0, True], 34] 
[[0.03349268436431879, -0.21520467996597292, 0.24869736433029171, 6.185037902483385, True], 35] 
[[0.02766790390014645, 0.03349268436431879, -0.005824780464172341, -0.003392806745580375, True], 35] 
[[0.30196962356567386, 0.02766790390014645, 0.2743017196655274, 7.5241433411465595, True], 35] 
[[0.2966444969177246, 0.30196962356567386, -0.005325126647949263, -0.0028356973816699355, True], 34] 
[[0.29261159896850586, 0.2966444969177246, -0.004032897949218739, -0.001626426586881271, True], 34] 
[[0.29947557449340817, 0.29261159896850586, 0.0068639755249023104, 0.004711416000645795, True], 34] 
[[0.3120339870452881, 0.29947557449340817, 0.01255841255187995, 0.015771372582321586, True], 33] 
[[0.3333903312683106, 0.3120339870452881, 0.02135634422302246, 0.045609343857222484, True], 34] 
[[0.31822719573974606, 0.3333903312683106, -0.01516313552856452, -0.02299206790576156, True], 34] 
[[0.31706657409667965, 0.31822719573974606, -0.0011606216430664062, -0.00013470425983541645, True], 34] 
[[0.3171586990356445, 0.31706657409667965, 9.212493896482155e-05, 8.487004379272095e-07, True], 34] 
[[0.32479305267333985, 0.3171586990356445, 0.007634353637695379, 0.0058283355465392666, True], 33] 
[[0.31927118301391605, 0.32479305267333985, -0.005521869659423806, -0.0030491044535665176, True], 33] 
[[0.3334550380706787, 0.31927118301391605, 0.014183855056762673, 0.020118174427125206, True], 32] 
[[0.33599195480346683, 0.3334550380706787, 0.002536916732788108, 0.0006435946509100289, True], 33] 
[[0.3374653816223145, 0.33599195480346683, 0.0014734268188476562, 0.0002170986590499524, True], 33] 
[[0.5829826354980469, 0.3374653816223145, 0.24551725387573237, 6.027872195068083, True], 33] 
[[0.33678789138793946, 0.5829826354980469, -0.2461947441101074, -6.0611852027441255, True], 32] 
[[0.3413578033447266, 0.33678789138793946, 0.004569911956787132, 0.002088409529278599, True], 32] 
[[0.3442979335784912, 0.3413578033447266, 0.002940130233764604, 0.0008644365791496705, True], 32] 
[[0.5980380058288575, 0.3442979335784912, 0.25374007225036627, 6.438402426562109, True], 33] 
[[0.6017563819885254, 0.5980380058288575, 0.0037183761596679688, 0.0013826321264787111, True], 33] 
[[0.3327860832214355, 0.6017563819885254, -0.26897029876708994, -7.234502161885762, True], 33] 
[[0.609881067276001, 0.3327860832214355, 0.2770949840545655, 7.678163018819992, True], 33] 
[[0.6122051239013672, 0.609881067276001, 0.0023240566253661665, 0.0005401239197908375, True], 33] 
[[0.5898507118225098, 0.6122051239013672, -0.022354412078857355, -0.04997197393913636, True], 33] 
[[0.3413125991821289, 0.5898507118225098, -0.2485381126403809, -6.177119343484266, True], 33] 
[[0.33857197761535646, 0.3413125991821289, -0.002740621566772461, -0.5, False], 33] 
[[0.5834243297576904, 0.33857197761535646, 0.24485235214233397, -0.5, False], 33] 
[[0.3330019950866699, 0.5834243297576904, -0.25042233467102054, -6.271134570208463, True], 33] 
[[-0.21520467996597292, -0.21520467996597292, 0.0, 0.0, True], 33] 
[[0.021684122085571245, -0.21520467996597292, 0.23688880205154417, 5.611630453741569, True], 35] 
[[0.017324399948120073, 0.021684122085571245, -0.004359722137451172, -0.0019007177115781815, True], 35] 
[[0.2688673973083496, 0.017324399948120073, 0.2515429973602295, 6.327387952096842, True], 35] 
[[0.028324985504150357, 0.2688673973083496, -0.24054241180419922, -5.786065187658096, True], 35] 
[[0.037651300430297796, 0.028324985504150357, 0.009326314926147439, 0.00869801501016805, True], 35] 
[[0.041871428489685, 0.037651300430297796, 0.004220128059387207, 0.0017809480837627234, True], 35] 
[[0.04434254169464108, 0.041871428489685, 0.002471113204956077, 0.0006106400471708294, True], 35] 
[[0.048807191848754816, 0.04434254169464108, 0.004464650154113736, 0.0019933100998627807, True], 34] 
[[0.2933006286621094, 0.048807191848754816, 0.24449343681335456, 5.977704064480581, True], 35] 
[[0.2993595600128174, 0.2933006286621094, 0.006058931350708008, 0.0036710649112592364, True], 35] 
[[0.04558756351470944, 0.2993595600128174, -0.25377199649810794, -6.440022620663572, True], 35] 
[[0.036120820045471125, 0.04558756351470944, -0.009466743469238315, -0.008961923191236627, True], 35] 
[[0.055752515792846624, 0.036120820045471125, 0.0196316957473755, 0.038540347791752125, True], 35] 
[[0.058696269989013616, 0.055752515792846624, 0.002943754196166992, 0.0008665688767450774, True], 35] 
[[0.062216043472289984, 0.058696269989013616, 0.003519773483276367, 0.0012388805373575451, True], 35] 
[[0.317692756652832, 0.062216043472289984, 0.255476713180542, 6.526835097753292, True], 35] 
[[0.3167262554168701, 0.317692756652832, -0.0009665012359618697, -9.341246391158217e-05, True], 35] 
[[0.5751908302307129, 0.3167262554168701, 0.25846457481384283, 6.6803936433700555, True], 35] 
[[0.5848604679107666, 0.5751908302307129, 0.009669637680053689, 0.009350189286351408, True], 35] 
[[0.05559775829315183, 0.5848604679107666, -0.5292627096176148, -28.01190157917796, True], 35] 
[[0.06304373741149899, 0.05559775829315183, 0.007445979118347157, 0.00554426050308619, True], 34] 
[[0.056538295745849565, 0.06304373741149899, -0.006505441665649425, -0.004232077126516757, True], 34] 
[[0.05964422225952143, 0.056538295745849565, 0.003105926513671864, 0.0009646779508329859, True], 34] 
[[0.3125158309936524, 0.05964422225952143, 0.25287160873413095, 6.394405050378741, True], 34] 
[[0.5521257400512696, 0.3125158309936524, 0.2396099090576172, 5.741290851859958, True], 34] 
[[0.5590484142303467, 0.5521257400512696, 0.006922674179077104, 0.0047923417789660855, True], 34] 
[[0.5561823844909668, 0.5590484142303467, -0.002866029739379883, -0.0008214126467009919, True], 35] 
[[0.055871343612670876, 0.5561823844909668, -0.5003110408782959, -25.031113762472387, True], 34] 
[[0.049281024932861295, 0.055871343612670876, -0.006590318679809581, -0.0043432300301447105, True], 34] 
[[0.288966703414917, 0.049281024932861295, 0.2396856784820557, 5.744922446940336, True], 34] 
[[-0.21520467996597292, -0.21520467996597292, 0.0, 0.0, True], 34] 
[[-0.22009721994400028, -0.21520467996597292, -0.004892539978027355, -0.002393694743659591, True], 34] 
[[-0.21587350368499758, -0.22009721994400028, 0.004223716259002697, 0.0017839779036563734, True], 35] 
[[0.02586154937744134, -0.21587350368499758, 0.24173505306243892, 5.843583587910016, True], 35] 
[[0.0457353353500366, 0.02586154937744134, 0.01987378597259526, 0.039496736888452406, True], 35] 
[[0.2971789836883545, 0.0457353353500366, 0.2514436483383179, 6.322390828968366, True], 35] 
[[0.2969490528106689, 0.2971789836883545, -0.00022993087768558018, -5.286820851326123e-06, True], 35] 
[[0.0619681596755981, 0.2969490528106689, -0.2349808931350708, -5.521602013855556, True], 35] 
[[0.30533823966979984, 0.0619681596755981, 0.24337007999420174, 5.922899583638416, True], 35] 
[[0.33730192184448243, 0.30533823966979984, 0.031963682174682595, 0.10216769781641219, True], 35] 
[[0.06511197090148924, 0.33730192184448243, -0.2721899509429932, -7.408736939434905, True], 35] 
[[0.3169669151306152, 0.06511197090148924, 0.25185494422912597, 6.343091293265616, True], 34] 
[[0.3072958469390869, 0.3169669151306152, -0.009671068191528298, -0.009352955996519042, True], 34] 
[[0.3177495956420899, 0.3072958469390869, 0.010453748703002974, 0.010928086194553637, True], 34] 
[[0.3216754913330078, 0.3177495956420899, 0.0039258956909179465, 0.0015412656975968102, True], 34] 
[[0.5648903369903565, 0.3216754913330078, 0.2432148456573487, 5.9153461148127935, True], 33] 
[[0.574721097946167, 0.5648903369903565, 0.00983076095581048, 0.009664386097028778, True], 34] 
[[0.831939697265625, 0.574721097946167, 0.257218599319458, 6.616140783586388, True], 34] 
[[-0.21520467996597292, -0.21520467996597292, 0.0, 0.0, True], 34] 
[[-0.221409010887146, -0.21520467996597292, -0.00620433092117309, -0.0038493722179424525, True], 34] 
[[0.272121000289917, -0.221409010887146, 0.49353001117706297, 24.357187193243192, True], 35] 
[[0.0392239093780517, 0.272121000289917, -0.23289709091186528, -5.424105495520964, True], 33] 
[[0.29226207733154297, 0.0392239093780517, 0.25303816795349127, 6.402831444125925, True], 34] 
[[0.3013144016265869, 0.29226207733154297, 0.009052324295043934, 0.008194457514264265, True], 34] 
[[0.31304044723510743, 0.3013144016265869, 0.01172604560852053, 0.01375001456131036, True], 34] 
[[0.31788501739501956, 0.31304044723510743, 0.004844570159912132, 0.002346986003431106, True], 34] 
[[0.31753153800964357, 0.31788501739501956, -0.00035347938537599877, -1.2494767588579386e-05, True], 33] 
[[0.31765589714050296, 0.31753153800964357, 0.0001243591308593972, 1.5465193428104678e-06, True], 34] 
[[0.3156258583068848, 0.31765589714050296, -0.0020300388336181863, -0.0004121057665997886, True], 34] 
[[0.32659683227539066, 0.3156258583068848, 0.010970973968505882, 0.012036226981763369, True], 33] 
[[0.593886137008667, 0.32659683227539066, 0.26728930473327633, 7.144357242479825, True], 34] 
[[0.31737966537475587, 0.593886137008667, -0.2765064716339111, -7.64558288554349, True], 34] 
[[0.5707717418670655, 0.31737966537475587, 0.2533920764923096, 6.420754442908449, True], 34] 
[[0.5720410823822022, 0.5707717418670655, 0.0012693405151367188, 0.00016112253433675505, True], 34] 
[[0.5634137153625488, 0.5720410823822022, -0.008627367019653387, -0.007443146169180297, True], 33] 
[[0.3038004875183105, 0.5634137153625488, -0.2596132278442383, -6.739902807170438, True], 33] 
[[0.3175624847412109, 0.3038004875183105, 0.01376199722290039, 0.018939256756311806, True], 33] 
[[0.5728664398193359, 0.3175624847412109, 0.25530395507812503, 6.5180109478533295, True], 34] 
[[0.573412561416626, 0.5728664398193359, 0.0005461215972900613, 2.9824879902664786e-05, True], 34] 
[[0.8004985809326172, 0.573412561416626, 0.22708601951599117, 5.156806025961712, True], 34] 
[[-0.21520467996597292, -0.21520467996597292, 0.0, 0.0, True], 34] 
[[0.27132563591003417, -0.21520467996597292, 0.4865303158760071, 23.671174826640723, True], 34] 
[[0.019806718826293923, 0.27132563591003417, -0.25151891708374025, -6.3261765650977395, True], 35] 
[[0.2631814956665039, 0.019806718826293923, 0.24337477684020997, 5.9231282002022, True], 34] 
[[0.31212511062622067, 0.2631814956665039, 0.048943614959716775, 0.23954774453250116, True], 34] 
[[0.05440652370452875, 0.31212511062622067, -0.2577185869216919, -6.641887004491366, True], 34] 
[[0.3095139980316162, 0.05440652370452875, 0.25510747432708747, 6.50798234575456, True], 35] 
[[0.31829242706298827, 0.3095139980316162, 0.008778429031372048, 0.007706081625883559, True], 35] 
