[5, 4, 0.8, [0, 0]] 
[5, 3, 0.6, [1, 1]] 
[5, 2, 0.4, [2, 2]] 
[5, 2, 0.4, [3, 3]] 
[5, 3, 0.6, [4, 4]] 
[5, 2, 0.4, [5, 5]] 
[5, 1, 0.2, [6, 6]] 
[5, 2, 0.4, [7, 7]] 
[5, 1, 0.2, [8, 8]] 
[5, 0, 0.0, [9, 9]] 
[5, 4, 0.8, [10, 0]] 
[5, 4, 0.8, [11, 1]] 
[5, 2, 0.4, [12, 2]] 
[5, 3, 0.6, [13, 3]] 
[5, 3, 0.6, [14, 4]] 
[5, 3, 0.6, [15, 5]] 
[5, 1, 0.2, [16, 6]] 
[5, 1, 0.2, [17, 7]] 
[5, 2, 0.4, [18, 8]] 
[5, 2, 0.4, [19, 9]] 
[5, 2, 0.4, [20, 10]] 
[5, 2, 0.4, [21, 11]] 
[5, 2, 0.4, [22, 12]] 
[5, 2, 0.4, [23, 13]] 
[5, 2, 0.4, [24, 14]] 
[5, 1, 0.2, [25, 15]] 
[5, 1, 0.2, [26, 16]] 
[5, 1, 0.2, [27, 17]] 
[5, 1, 0.2, [28, 18]] 
[5, 1, 0.2, [29, 19]] 
[5, 1, 0.2, [30, 20]] 
[5, 1, 0.2, [31, 21]] 
[5, 1, 0.2, [32, 22]] 
[5, 1, 0.2, [33, 23]] 
[5, 1, 0.2, [34, 24]] 
[5, 1, 0.2, [35, 25]] 
[5, 2, 0.4, [36, 26]] 
[5, 2, 0.4, [37, 27]] 
[5, 2, 0.4, [38, 28]] 
[5, 2, 0.4, [39, 29]] 
[5, 2, 0.4, [40, 30]] 
[5, 4, 0.8, [41, 0]] 
[5, 2, 0.4, [42, 1]] 
[5, 2, 0.4, [43, 2]] 
[5, 2, 0.4, [44, 3]] 
[5, 2, 0.4, [45, 4]] 
[5, 2, 0.4, [46, 5]] 
[5, 2, 0.4, [47, 6]] 
[5, 2, 0.4, [48, 7]] 
[5, 2, 0.4, [49, 8]] 
[5, 2, 0.4, [50, 9]] 
[5, 0, 0.0, [51, 10]] 
[5, 4, 0.8, [52, 0]] 
[5, 4, 0.8, [53, 1]] 
[5, 3, 0.6, [54, 2]] 
[5, 3, 0.6, [55, 3]] 
[5, 2, 0.4, [56, 4]] 
[5, 2, 0.4, [57, 5]] 
[5, 2, 0.4, [58, 6]] 
[5, 2, 0.4, [59, 7]] 
[5, 2, 0.4, [60, 8]] 
[5, 3, 0.6, [61, 9]] 
[5, 3, 0.6, [62, 10]] 
[5, 3, 0.6, [63, 11]] 
[5, 2, 0.4, [64, 12]] 
[5, 1, 0.2, [65, 13]] 
[5, 1, 0.2, [66, 14]] 
[5, 1, 0.2, [67, 15]] 
[5, 1, 0.2, [68, 16]] 
[5, 1, 0.2, [69, 17]] 
[5, 1, 0.2, [70, 18]] 
[5, 1, 0.2, [71, 19]] 
[5, 1, 0.2, [72, 20]] 
[5, 1, 0.2, [73, 21]] 
[5, 1, 0.2, [74, 22]] 
[5, 1, 0.2, [75, 23]] 
[5, 1, 0.2, [76, 24]] 
[5, 2, 0.4, [77, 25]] 
[5, 1, 0.2, [78, 26]] 
[5, 0, 0.0, [79, 27]] 
[5, 4, 0.8, [80, 0]] 
[5, 4, 0.8, [81, 1]] 
[5, 3, 0.6, [82, 2]] 
[5, 3, 0.6, [83, 3]] 
[5, 2, 0.4, [84, 4]] 
[5, 2, 0.4, [85, 5]] 
[5, 2, 0.4, [86, 6]] 
[5, 2, 0.4, [87, 7]] 
[5, 2, 0.4, [88, 8]] 
[5, 1, 0.2, [89, 9]] 
[5, 0, 0.0, [90, 10]] 
[5, 4, 0.8, [91, 0]] 
[5, 2, 0.4, [92, 1]] 
[5, 2, 0.4, [93, 2]] 
[5, 4, 0.8, [94, 3]] 
[5, 3, 0.6, [95, 4]] 
[5, 2, 0.4, [96, 5]] 
[5, 3, 0.6, [97, 6]] 
[5, 2, 0.4, [98, 7]] 
[5, 2, 0.4, [99, 8]] 
[5, 2, 0.4, [100, 9]] 
[5, 2, 0.4, [101, 10]] 
[5, 2, 0.4, [102, 11]] 
[5, 1, 0.2, [103, 12]] 
[5, 1, 0.2, [104, 13]] 
[5, 1, 0.2, [105, 14]] 
[5, 1, 0.2, [106, 15]] 
[5, 1, 0.2, [107, 16]] 
[5, 1, 0.2, [108, 17]] 
[5, 1, 0.2, [109, 18]] 
[5, 1, 0.2, [110, 19]] 
[5, 1, 0.2, [111, 20]] 
[5, 0, 0.0, [112, 21]] 
[5, 4, 0.8, [113, 0]] 
[5, 3, 0.6, [114, 1]] 
[5, 4, 0.8, [115, 2]] 
[5, 3, 0.6, [116, 3]] 
[5, 3, 0.6, [117, 4]] 
[5, 2, 0.4, [118, 5]] 
[5, 3, 0.6, [119, 6]] 
[5, 4, 0.8, [120, 7]] 
[5, 4, 0.8, [121, 8]] 
[5, 4, 0.8, [122, 9]] 
[5, 2, 0.4, [123, 10]] 
[5, 2, 0.4, [124, 11]] 
[5, 2, 0.4, [125, 12]] 
[5, 2, 0.4, [126, 13]] 
[5, 1, 0.2, [127, 14]] 
[5, 2, 0.4, [128, 15]] 
[5, 2, 0.4, [129, 16]] 
[5, 1, 0.2, [130, 17]] 
[5, 2, 0.4, [131, 18]] 
[5, 2, 0.4, [132, 19]] 
[5, 1, 0.2, [133, 20]] 
[5, 1, 0.2, [134, 21]] 
[5, 0, 0.0, [135, 22]] 
[5, 4, 0.8, [136, 0]] 
[5, 3, 0.6, [137, 1]] 
[5, 2, 0.4, [138, 2]] 
[5, 2, 0.4, [139, 3]] 
[5, 2, 0.4, [140, 4]] 
[5, 2, 0.4, [141, 5]] 
[5, 2, 0.4, [142, 6]] 
[5, 1, 0.2, [143, 7]] 
[5, 1, 0.2, [144, 8]] 
[5, 1, 0.2, [145, 9]] 
[5, 1, 0.2, [146, 10]] 
[5, 1, 0.2, [147, 11]] 
[5, 1, 0.2, [148, 12]] 
[5, 0, 0.0, [149, 13]] 
[5, 4, 0.8, [150, 0]] 
[5, 4, 0.8, [151, 1]] 
[5, 2, 0.4, [152, 2]] 
[5, 2, 0.4, [153, 3]] 
[5, 1, 0.2, [154, 4]] 
[5, 3, 0.6, [155, 5]] 
[5, 3, 0.6, [156, 6]] 
[5, 2, 0.4, [157, 7]] 
[5, 2, 0.4, [158, 8]] 
[5, 3, 0.6, [159, 9]] 
[5, 3, 0.6, [160, 10]] 
[5, 1, 0.2, [161, 11]] 
[5, 1, 0.2, [162, 12]] 
[5, 1, 0.2, [163, 13]] 
[5, 1, 0.2, [164, 14]] 
[5, 1, 0.2, [165, 15]] 
[5, 1, 0.2, [166, 16]] 
[5, 1, 0.2, [167, 17]] 
[5, 1, 0.2, [168, 18]] 
[5, 1, 0.2, [169, 19]] 
[5, 1, 0.2, [170, 20]] 
[5, 1, 0.2, [171, 21]] 
[5, 1, 0.2, [172, 22]] 
[5, 0, 0.0, [173, 23]] 
[5, 4, 0.8, [174, 0]] 
[5, 4, 0.8, [175, 1]] 
[5, 4, 0.8, [176, 2]] 
[5, 4, 0.8, [177, 3]] 
[5, 4, 0.8, [178, 4]] 
[5, 4, 0.8, [179, 5]] 
[5, 3, 0.6, [180, 6]] 
[5, 3, 0.6, [181, 7]] 
[5, 2, 0.4, [182, 8]] 
[5, 3, 0.6, [183, 9]] 
[5, 3, 0.6, [184, 10]] 
[5, 2, 0.4, [185, 11]] 
[5, 2, 0.4, [186, 12]] 
[5, 1, 0.2, [187, 13]] 
[5, 1, 0.2, [188, 14]] 
[5, 1, 0.2, [189, 15]] 
[5, 1, 0.2, [190, 16]] 
[5, 0, 0.0, [191, 17]] 
[5, 4, 0.8, [192, 0]] 
[5, 4, 0.8, [193, 1]] 
[5, 3, 0.6, [194, 2]] 
[5, 4, 0.8, [195, 3]] 
[5, 2, 0.4, [196, 4]] 
[5, 3, 0.6, [197, 5]] 
[5, 3, 0.6, [198, 6]] 
[5, 3, 0.6, [199, 7]] 
[5, 3, 0.6, [200, 8]] 
[5, 3, 0.6, [201, 9]] 
[5, 2, 0.4, [202, 10]] 
[5, 2, 0.4, [203, 11]] 
[5, 3, 0.6, [204, 12]] 
[5, 3, 0.6, [205, 13]] 
[5, 3, 0.6, [206, 14]] 
[5, 3, 0.6, [207, 15]] 
[5, 3, 0.6, [208, 16]] 
[5, 3, 0.6, [209, 17]] 
[5, 3, 0.6, [210, 18]] 
[5, 2, 0.4, [211, 19]] 
[5, 1, 0.2, [212, 20]] 
[5, 1, 0.2, [213, 21]] 
[5, 1, 0.2, [214, 22]] 
[5, 1, 0.2, [215, 23]] 
[5, 1, 0.2, [216, 24]] 
[5, 1, 0.2, [217, 25]] 
[5, 1, 0.2, [218, 26]] 
[5, 2, 0.4, [219, 27]] 
[5, 2, 0.4, [220, 28]] 
[5, 0, 0.0, [221, 29]] 
[5, 4, 0.8, [222, 0]] 
[5, 4, 0.8, [223, 1]] 
[5, 3, 0.6, [224, 2]] 
[5, 3, 0.6, [225, 3]] 
[5, 1, 0.2, [226, 4]] 
[5, 1, 0.2, [227, 5]] 
[5, 1, 0.2, [228, 6]] 
[5, 1, 0.2, [229, 7]] 
[5, 1, 0.2, [230, 8]] 
[5, 1, 0.2, [231, 9]] 
[5, 1, 0.2, [232, 10]] 
[5, 1, 0.2, [233, 11]] 
[5, 1, 0.2, [234, 12]] 
[5, 1, 0.2, [235, 13]] 
[5, 1, 0.2, [236, 14]] 
[5, 1, 0.2, [237, 15]] 
[5, 1, 0.2, [238, 16]] 
[5, 2, 0.4, [239, 17]] 
[5, 1, 0.2, [240, 18]] 
[5, 1, 0.2, [241, 19]] 
[5, 0, 0.0, [242, 20]] 
[5, 4, 0.8, [243, 0]] 
[5, 3, 0.6, [244, 1]] 
[5, 3, 0.6, [245, 2]] 
[5, 2, 0.4, [246, 3]] 
[5, 2, 0.4, [247, 4]] 
[5, 1, 0.2, [248, 5]] 
[5, 1, 0.2, [249, 6]] 
[5, 2, 0.4, [250, 7]] 
[5, 2, 0.4, [251, 8]] 
[5, 1, 0.2, [252, 9]] 
[5, 2, 0.4, [253, 10]] 
[5, 2, 0.4, [254, 11]] 
[5, 1, 0.2, [255, 12]] 
[5, 1, 0.2, [256, 13]] 
[5, 1, 0.2, [257, 14]] 
[5, 1, 0.2, [258, 15]] 
[5, 1, 0.2, [259, 16]] 
[5, 0, 0.0, [260, 17]] 
[5, 4, 0.8, [261, 0]] 
[5, 3, 0.6, [262, 1]] 
[5, 3, 0.6, [263, 2]] 
[5, 3, 0.6, [264, 3]] 
[5, 2, 0.4, [265, 4]] 
[5, 2, 0.4, [266, 5]] 
[5, 2, 0.4, [267, 6]] 
[5, 2, 0.4, [268, 7]] 
[5, 2, 0.4, [269, 8]] 
[5, 2, 0.4, [270, 9]] 
[5, 1, 0.2, [271, 10]] 
[5, 1, 0.2, [272, 11]] 
[5, 2, 0.4, [273, 12]] 
[5, 1, 0.2, [274, 13]] 
[5, 2, 0.4, [275, 14]] 
[5, 2, 0.4, [276, 15]] 
[5, 2, 0.4, [277, 16]] 
[5, 2, 0.4, [278, 17]] 
[5, 2, 0.4, [279, 18]] 
[5, 3, 0.6, [280, 19]] 
[5, 2, 0.4, [281, 20]] 
[5, 4, 0.8, [282, 21]] 
[5, 3, 0.6, [283, 22]] 
[5, 3, 0.6, [284, 23]] 
[5, 3, 0.6, [285, 24]] 
[5, 3, 0.6, [286, 25]] 
[5, 3, 0.6, [287, 26]] 
[5, 2, 0.4, [288, 27]] 
[5, 2, 0.4, [289, 28]] 
[5, 3, 0.6, [290, 29]] 
[5, 2, 0.4, [291, 30]] 
[5, 4, 0.8, [292, 0]] 
[5, 4, 0.8, [293, 1]] 
[5, 3, 0.6, [294, 2]] 
[5, 3, 0.6, [295, 3]] 
[5, 2, 0.4, [296, 4]] 
[5, 2, 0.4, [297, 5]] 
[5, 2, 0.4, [298, 6]] 
[5, 1, 0.2, [299, 7]] 
[5, 2, 0.4, [300, 8]] 
[5, 1, 0.2, [301, 9]] 
[5, 0, 0.0, [302, 10]] 
[5, 4, 0.8, [303, 0]] 
[5, 3, 0.6, [304, 1]] 
[5, 2, 0.4, [305, 2]] 
[5, 4, 0.8, [306, 3]] 
[5, 2, 0.4, [307, 4]] 
[5, 3, 0.6, [308, 5]] 
[5, 2, 0.4, [309, 6]] 
[5, 1, 0.2, [310, 7]] 
[5, 1, 0.2, [311, 8]] 
[5, 1, 0.2, [312, 9]] 
[5, 0, 0.0, [313, 10]] 
[5, 4, 0.8, [314, 0]] 
[5, 3, 0.6, [315, 1]] 
[5, 3, 0.6, [316, 2]] 
[5, 2, 0.4, [317, 3]] 
[5, 3, 0.6, [318, 4]] 
[5, 1, 0.2, [319, 5]] 
[5, 1, 0.2, [320, 6]] 
[5, 1, 0.2, [321, 7]] 
[5, 1, 0.2, [322, 8]] 
[5, 1, 0.2, [323, 9]] 
[5, 1, 0.2, [324, 10]] 
[5, 2, 0.4, [325, 11]] 
[5, 2, 0.4, [326, 12]] 
[5, 2, 0.4, [327, 13]] 
[5, 2, 0.4, [328, 14]] 
[5, 3, 0.6, [329, 15]] 
[5, 1, 0.2, [330, 16]] 
[5, 1, 0.2, [331, 17]] 
[5, 1, 0.2, [332, 18]] 
[5, 1, 0.2, [333, 19]] 
[5, 1, 0.2, [334, 20]] 
[5, 1, 0.2, [335, 21]] 
[5, 1, 0.2, [336, 22]] 
[5, 1, 0.2, [337, 23]] 
[5, 1, 0.2, [338, 24]] 
[5, 1, 0.2, [339, 25]] 
[5, 1, 0.2, [340, 26]] 
[5, 0, 0.0, [341, 27]] 
[5, 4, 0.8, [342, 0]] 
[5, 4, 0.8, [343, 1]] 
[5, 3, 0.6, [344, 2]] 
[5, 3, 0.6, [345, 3]] 
[5, 3, 0.6, [346, 4]] 
[5, 2, 0.4, [347, 5]] 
[5, 2, 0.4, [348, 6]] 
[5, 2, 0.4, [349, 7]] 
[5, 2, 0.4, [350, 8]] 
[5, 2, 0.4, [351, 9]] 
[5, 2, 0.4, [352, 10]] 
[5, 1, 0.2, [353, 11]] 
[5, 0, 0.0, [354, 12]] 
[5, 4, 0.8, [355, 0]] 
[5, 4, 0.8, [356, 1]] 
[5, 2, 0.4, [357, 2]] 
[5, 2, 0.4, [358, 3]] 
[5, 2, 0.4, [359, 4]] 
[5, 2, 0.4, [360, 5]] 
[5, 2, 0.4, [361, 6]] 
[5, 1, 0.2, [362, 7]] 
[5, 1, 0.2, [363, 8]] 
[5, 1, 0.2, [364, 9]] 
[5, 1, 0.2, [365, 10]] 
[5, 1, 0.2, [366, 11]] 
[5, 1, 0.2, [367, 12]] 
[5, 1, 0.2, [368, 13]] 
[5, 1, 0.2, [369, 14]] 
[5, 1, 0.2, [370, 15]] 
[5, 1, 0.2, [371, 16]] 
[5, 0, 0.0, [372, 17]] 
[5, 4, 0.8, [373, 0]] 
[5, 4, 0.8, [374, 1]] 
[5, 3, 0.6, [375, 2]] 
[5, 3, 0.6, [376, 3]] 
[5, 3, 0.6, [377, 4]] 
[5, 3, 0.6, [378, 5]] 
[5, 3, 0.6, [379, 6]] 
[5, 4, 0.8, [380, 7]] 
[5, 3, 0.6, [381, 8]] 
[5, 4, 0.8, [382, 9]] 
[5, 4, 0.8, [383, 10]] 
[5, 4, 0.8, [384, 11]] 
[5, 3, 0.6, [385, 12]] 
[5, 3, 0.6, [386, 13]] 
[5, 3, 0.6, [387, 14]] 
[5, 2, 0.4, [388, 15]] 
[5, 2, 0.4, [389, 16]] 
[5, 2, 0.4, [390, 17]] 
[5, 2, 0.4, [391, 18]] 
[5, 1, 0.2, [392, 19]] 
[5, 1, 0.2, [393, 20]] 
[5, 0, 0.0, [394, 21]] 
[5, 4, 0.8, [395, 0]] 
[5, 3, 0.6, [396, 1]] 
[5, 2, 0.4, [397, 2]] 
[5, 2, 0.4, [398, 3]] 
[5, 2, 0.4, [399, 4]] 
[5, 2, 0.4, [400, 5]] 
[5, 2, 0.4, [401, 6]] 
[5, 1, 0.2, [402, 7]] 
[5, 1, 0.2, [403, 8]] 
[5, 1, 0.2, [404, 9]] 
[5, 3, 0.6, [405, 10]] 
[5, 2, 0.4, [406, 11]] 
[5, 2, 0.4, [407, 12]] 
[5, 1, 0.2, [408, 13]] 
[5, 1, 0.2, [409, 14]] 
[5, 1, 0.2, [410, 15]] 
[5, 1, 0.2, [411, 16]] 
[5, 2, 0.4, [412, 17]] 
[5, 2, 0.4, [413, 18]] 
[5, 2, 0.4, [414, 19]] 
[5, 2, 0.4, [415, 20]] 
[5, 2, 0.4, [416, 21]] 
[5, 2, 0.4, [417, 22]] 
[5, 2, 0.4, [418, 23]] 
[5, 1, 0.2, [419, 24]] 
[5, 1, 0.2, [420, 25]] 
[5, 1, 0.2, [421, 26]] 
[5, 1, 0.2, [422, 27]] 
[5, 1, 0.2, [423, 28]] 
[5, 1, 0.2, [424, 29]] 
[5, 1, 0.2, [425, 30]] 
[5, 4, 0.8, [426, 0]] 
[5, 4, 0.8, [427, 1]] 
[5, 4, 0.8, [428, 2]] 
[5, 3, 0.6, [429, 3]] 
[5, 3, 0.6, [430, 4]] 
[5, 1, 0.2, [431, 5]] 
[5, 1, 0.2, [432, 6]] 
[5, 1, 0.2, [433, 7]] 
[5, 1, 0.2, [434, 8]] 
[5, 1, 0.2, [435, 9]] 
[5, 1, 0.2, [436, 10]] 
[5, 1, 0.2, [437, 11]] 
[5, 1, 0.2, [438, 12]] 
[5, 1, 0.2, [439, 13]] 
[5, 1, 0.2, [440, 14]] 
[5, 1, 0.2, [441, 15]] 
[5, 1, 0.2, [442, 16]] 
[5, 1, 0.2, [443, 17]] 
[5, 1, 0.2, [444, 18]] 
[5, 0, 0.0, [445, 19]] 
[5, 4, 0.8, [446, 0]] 
[5, 3, 0.6, [447, 1]] 
[5, 2, 0.4, [448, 2]] 
[5, 3, 0.6, [449, 3]] 
[5, 2, 0.4, [450, 4]] 
[5, 2, 0.4, [451, 5]] 
[5, 3, 0.6, [452, 6]] 
[5, 3, 0.6, [453, 7]] 
[5, 2, 0.4, [454, 8]] 
[5, 1, 0.2, [455, 9]] 
[5, 1, 0.2, [456, 10]] 
[5, 1, 0.2, [457, 11]] 
[5, 1, 0.2, [458, 12]] 
[5, 1, 0.2, [459, 13]] 
[5, 1, 0.2, [460, 14]] 
[5, 1, 0.2, [461, 15]] 
[5, 1, 0.2, [462, 16]] 
[5, 1, 0.2, [463, 17]] 
[5, 0, 0.0, [464, 18]] 
[5, 4, 0.8, [465, 0]] 
[5, 4, 0.8, [466, 1]] 
[5, 3, 0.6, [467, 2]] 
[5, 3, 0.6, [468, 3]] 
[5, 3, 0.6, [469, 4]] 
[5, 3, 0.6, [470, 5]] 
[5, 4, 0.8, [471, 6]] 
[5, 3, 0.6, [472, 7]] 
[5, 2, 0.4, [473, 8]] 
[5, 2, 0.4, [474, 9]] 
[5, 2, 0.4, [475, 10]] 
[5, 2, 0.4, [476, 11]] 
[5, 0, 0.0, [477, 12]] 
[5, 4, 0.8, [478, 0]] 
[5, 4, 0.8, [479, 1]] 
[5, 2, 0.4, [480, 2]] 
[5, 2, 0.4, [481, 3]] 
[5, 2, 0.4, [482, 4]] 
[5, 2, 0.4, [483, 5]] 
[5, 2, 0.4, [484, 6]] 
[5, 2, 0.4, [485, 7]] 
[5, 1, 0.2, [486, 8]] 
[5, 1, 0.2, [487, 9]] 
[5, 1, 0.2, [488, 10]] 
[5, 1, 0.2, [489, 11]] 
[5, 1, 0.2, [490, 12]] 
[5, 1, 0.2, [491, 13]] 
[5, 1, 0.2, [492, 14]] 
[5, 1, 0.2, [493, 15]] 
[5, 1, 0.2, [494, 16]] 
[5, 1, 0.2, [495, 17]] 
[5, 1, 0.2, [496, 18]] 
[5, 2, 0.4, [497, 19]] 
[5, 2, 0.4, [498, 20]] 
[5, 2, 0.4, [499, 21]] 
[5, 2, 0.4, [500, 22]] 
[5, 2, 0.4, [501, 23]] 
[5, 2, 0.4, [502, 24]] 
[5, 2, 0.4, [503, 25]] 
[5, 2, 0.4, [504, 26]] 
[5, 2, 0.4, [505, 27]] 
[5, 1, 0.2, [506, 28]] 
[5, 1, 0.2, [507, 29]] 
[5, 1, 0.2, [508, 30]] 
[5, 4, 0.8, [509, 0]] 
[5, 4, 0.8, [510, 1]] 
[5, 3, 0.6, [511, 2]] 
[5, 2, 0.4, [512, 3]] 
[5, 2, 0.4, [513, 4]] 
[5, 2, 0.4, [514, 5]] 
[5, 2, 0.4, [515, 6]] 
[5, 1, 0.2, [516, 7]] 
[5, 1, 0.2, [517, 8]] 
[5, 1, 0.2, [518, 9]] 
[5, 1, 0.2, [519, 10]] 
[5, 2, 0.4, [520, 11]] 
[5, 2, 0.4, [521, 12]] 
[5, 2, 0.4, [522, 13]] 
[5, 1, 0.2, [523, 14]] 
[5, 1, 0.2, [524, 15]] 
[5, 0, 0.0, [525, 16]] 
[5, 4, 0.8, [526, 0]] 
[5, 4, 0.8, [527, 1]] 
[5, 3, 0.6, [528, 2]] 
[5, 2, 0.4, [529, 3]] 
[5, 3, 0.6, [530, 4]] 
[5, 2, 0.4, [531, 5]] 
[5, 2, 0.4, [532, 6]] 
[5, 2, 0.4, [533, 7]] 
[5, 2, 0.4, [534, 8]] 
[5, 2, 0.4, [535, 9]] 
[5, 1, 0.2, [536, 10]] 
[5, 1, 0.2, [537, 11]] 
[5, 2, 0.4, [538, 12]] 
[5, 3, 0.6, [539, 13]] 
[5, 3, 0.6, [540, 14]] 
[5, 3, 0.6, [541, 15]] 
[5, 3, 0.6, [542, 16]] 
[5, 3, 0.6, [543, 17]] 
[5, 1, 0.2, [544, 18]] 
[5, 1, 0.2, [545, 19]] 
[5, 2, 0.4, [546, 20]] 
[5, 1, 0.2, [547, 21]] 
[5, 1, 0.2, [548, 22]] 
[5, 2, 0.4, [549, 23]] 
[5, 2, 0.4, [550, 24]] 
[5, 2, 0.4, [551, 25]] 
[5, 1, 0.2, [552, 26]] 
[5, 2, 0.4, [553, 27]] 
[5, 2, 0.4, [554, 28]] 
[5, 1, 0.2, [555, 29]] 
[5, 1, 0.2, [556, 30]] 
[5, 4, 0.8, [557, 0]] 
[5, 4, 0.8, [558, 1]] 
[5, 2, 0.4, [559, 2]] 
[5, 2, 0.4, [560, 3]] 
[5, 4, 0.8, [561, 4]] 
[5, 3, 0.6, [562, 5]] 
[5, 2, 0.4, [563, 6]] 
[5, 3, 0.6, [564, 7]] 
[5, 2, 0.4, [565, 8]] 
[5, 2, 0.4, [566, 9]] 
[5, 3, 0.6, [567, 10]] 
[5, 2, 0.4, [568, 11]] 
[5, 2, 0.4, [569, 12]] 
[5, 2, 0.4, [570, 13]] 
[5, 2, 0.4, [571, 14]] 
[5, 1, 0.2, [572, 15]] 
[5, 2, 0.4, [573, 16]] 
[5, 2, 0.4, [574, 17]] 
[5, 2, 0.4, [575, 18]] 
[5, 1, 0.2, [576, 19]] 
[5, 1, 0.2, [577, 20]] 
[5, 1, 0.2, [578, 21]] 
[5, 1, 0.2, [579, 22]] 
[5, 1, 0.2, [580, 23]] 
[5, 1, 0.2, [581, 24]] 
[5, 1, 0.2, [582, 25]] 
[5, 0, 0.0, [583, 26]] 
[5, 4, 0.8, [584, 0]] 
[5, 4, 0.8, [585, 1]] 
[5, 2, 0.4, [586, 2]] 
[5, 3, 0.6, [587, 3]] 
[5, 1, 0.2, [588, 4]] 
[5, 1, 0.2, [589, 5]] 
[5, 3, 0.6, [590, 6]] 
[5, 3, 0.6, [591, 7]] 
[5, 2, 0.4, [592, 8]] 
[5, 1, 0.2, [593, 9]] 
[5, 2, 0.4, [594, 10]] 
[5, 1, 0.2, [595, 11]] 
[5, 2, 0.4, [596, 12]] 
[5, 1, 0.2, [597, 13]] 
[5, 1, 0.2, [598, 14]] 
[5, 2, 0.4, [599, 15]] 
[5, 3, 0.6, [600, 16]] 
[5, 3, 0.6, [601, 17]] 
[5, 2, 0.4, [602, 18]] 
[5, 1, 0.2, [603, 19]] 
[5, 1, 0.2, [604, 20]] 
[5, 1, 0.2, [605, 21]] 
[5, 1, 0.2, [606, 22]] 
[5, 1, 0.2, [607, 23]] 
[5, 1, 0.2, [608, 24]] 
[5, 1, 0.2, [609, 25]] 
[5, 1, 0.2, [610, 26]] 
[5, 1, 0.2, [611, 27]] 
[5, 2, 0.4, [612, 28]] 
[5, 2, 0.4, [613, 29]] 
[5, 2, 0.4, [614, 30]] 
[5, 4, 0.8, [615, 0]] 
[5, 3, 0.6, [616, 1]] 
[5, 2, 0.4, [617, 2]] 
[5, 1, 0.2, [618, 3]] 
[5, 2, 0.4, [619, 4]] 
[5, 0, 0.0, [620, 5]] 
[5, 4, 0.8, [621, 0]] 
[5, 3, 0.6, [622, 1]] 
[5, 2, 0.4, [623, 2]] 
[5, 2, 0.4, [624, 3]] 
[5, 3, 0.6, [625, 4]] 
[5, 2, 0.4, [626, 5]] 
[5, 2, 0.4, [627, 6]] 
[5, 2, 0.4, [628, 7]] 
[5, 2, 0.4, [629, 8]] 
[5, 2, 0.4, [630, 9]] 
[5, 2, 0.4, [631, 10]] 
