[[0.01769914627075192, -0.21728852987289432, 0.23498767614364624, 5.521920793939117, True], 34] 
[[0.30000662803649897, 0.01769914627075192, 0.28230748176574705, 7.9697514260917615, True], 35] 
[[0.3053353786468506, 0.30000662803649897, 0.005328750610351651, 0.0028395583067323095, True], 35] 
[[0.0542255878448486, 0.3053353786468506, -0.251109790802002, -6.305612703662523, True], 34] 
[[0.3085443019866943, 0.0542255878448486, 0.2543187141418457, 6.467800836276183, True], 34] 
[[0.5457398891448975, 0.3085443019866943, 0.23719558715820316, 5.626174656732475, True], 35] 
[[0.31113138198852536, 0.5457398891448975, -0.2346085071563721, -5.50411516301415, True], 35] 
[[0.5783893585205079, 0.31113138198852536, 0.2672579765319825, 7.142682601996971, True], 35] 
[[0.8285351753234863, 0.5783893585205079, 0.2501458168029784, 6.257292966402924, True], 35] 
[[-0.21520467996597292, -0.21520467996597292, 0.0, 0.0, True], 35] 
[[-0.22021380662918094, -0.21520467996597292, -0.005009126663208019, -0.0025091349928061503, True], 34] 
[[0.25726404190063473, -0.22021380662918094, 0.4774778485298157, 22.79850958366616, True], 35] 
[[0.033208990097045865, 0.25726404190063473, -0.22405505180358887, -5.020066623870889, True], 35] 
[[0.04825544357299799, 0.033208990097045865, 0.015046453475952126, 0.022639576220399183, True], 34] 
[[0.03916559219360349, 0.04825544357299799, -0.009089851379394498, -0.008262539809948006, True], 34] 
[[0.5799644470214844, 0.03916559219360349, 0.5407988548278809, 29.246340138314746, True], 34] 
[[0.5961772441864014, 0.5799644470214844, 0.01621279716491697, 0.026285479191073973, True], 35] 
[[0.3421886444091797, 0.5961772441864014, -0.2539885997772217, -6.451020881679372, True], 35] 
[[0.3258106708526611, 0.3421886444091797, -0.0163779735565186, -0.02682380178180225, True], 35] 
[[0.31569547653198243, 0.3258106708526611, -0.010115194320678644, -0.01023171561450895, True], 35] 
[[0.3071722507476807, 0.31569547653198243, -0.008523225784301758, -0.0072645377770186315, True], 35] 
[[0.3205581665039063, 0.3071722507476807, 0.013385915756225608, 0.0179182740632769, True], 35] 
[[0.33930115699768065, 0.3205581665039063, 0.01874299049377437, 0.03512996926497164, True], 35] 
[[0.33824338912963864, 0.33930115699768065, -0.0010577678680420144, -0.00011188728626621484, True], 35] 
[[0.5945541381835938, 0.33824338912963864, 0.2563107490539552, 6.569520008059958, True], 35] 
[[0.6012655258178711, 0.5945541381835938, 0.006711387634277255, 0.004504272397752965, True], 35] 
[[0.5962129592895508, 0.6012655258178711, -0.0050525665283203125, -0.0025528428523102775, True], 35] 
[[0.6151581287384034, 0.5962129592895508, 0.018945169448852606, 0.03589194454457381, True], 35] 
[[0.6091314792633057, 0.6151581287384034, -0.0060266494750976785, -0.0036320503895695124, True], 35] 
[[0.5979239463806153, 0.6091314792633057, -0.011207532882690385, -0.012560879331658626, True], 34] 
[[0.5994167327880859, 0.5979239463806153, 0.0014927864074706365, 0.00022284112583290892, True], 34] 
[[0.5996139049530029, 0.5994167327880859, 0.0001971721649169922, 3.8876862618053565e-06, True], 34] 
[[0.602810001373291, 0.5996139049530029, 0.0031960964202880637, 0.0010215032327778176, True], 34] 
[[0.6024821281433106, 0.602810001373291, -0.00032787322998040214, -1.0750085493778168e-05, True], 34] 
[[0.6013822078704835, 0.6024821281433106, -0.0010999202728271262, -0.00012098246065760999, True], 34] 
[[0.3259251117706298, 0.6013822078704835, -0.27545709609985364, -7.587661179176401, True], 34] 
[[0.3253478050231933, 0.3259251117706298, -0.0005773067474365012, -3.3328308063571225e-05, True], 34] 
[[0.3291322708129883, 0.3253478050231933, 0.0037844657897949663, 0.0014322181314128438, True], 34] 
[[0.3330731391906738, 0.3291322708129883, 0.00394086837768548, -0.5, False], 34] 
[[0.32238373756408695, 0.3330731391906738, -0.010689401626586825, -0.011426330713447707, True], 34] 
[[-0.21520467996597292, -0.21520467996597292, 0.0, 0.0, True], 34] 
[[0.28285856246948243, -0.21520467996597292, 0.49806324243545536, 24.806699346531914, True], 34] 
[[0.27446331977844235, 0.28285856246948243, -0.008395242691040083, -0.007048009984146194, True], 35] 
[[0.27320499420166017, 0.27446331977844235, -0.0012583255767821822, -0.00015833832571842115, True], 34] 
[[0.28302555084228515, 0.27320499420166017, 0.009820556640624978, 0.009644333273172335, True], 34] 
[[0.29805378913879393, 0.28302555084228515, 0.015028238296508789, 0.02258479462966534, True], 34] 
[[0.2979876518249512, 0.29805378913879393, -6.613731384275123e-05, -4.374144282334574e-07, True], 35] 
[[0.30216426849365235, 0.2979876518249512, 0.004176616668701172, 0.0017444126797272475, True], 35] 
[[0.3068799018859863, 0.30216426849365235, 0.00471563339233394, 0.00222371982908949, True], 35] 
[[0.3160273551940918, 0.3068799018859863, 0.009147453308105513, 0.00836759020239705, True], 35] 
[[0.8094283103942871, 0.3160273551940918, 0.4934009552001953, 24.344450259246514, True], 35] 
[[-0.21520467996597292, -0.21520467996597292, 0.0, 0.0, True], 35] 
[[-0.21858572959899905, -0.21520467996597292, -0.0033810496330261286, -0.0011431496620986118, True], 34] 
[[0.024852204322814875, -0.21858572959899905, 0.24343793392181393, 5.9262027672121445, True], 35] 
[[0.027435135841369584, 0.024852204322814875, 0.0025829315185547097, 0.0006671535229543339, True], 35] 
[[0.28096675872802734, 0.027435135841369584, 0.25353162288665776, 6.427828380354245, True], 35] 
[[0.29168052673339845, 0.28096675872802734, 0.010713768005371105, 0.011478482487291355, True], 35] 
[[0.3013017654418945, 0.29168052673339845, 0.009621238708496072, 0.009256823428586315, True], 34] 
[[0.2904233455657959, 0.3013017654418945, -0.01087841987609861, -0.01183400190006973, True], 34] 
[[0.2866481781005859, 0.2904233455657959, -0.0037751674652100053, -0.0014251889390380138, True], 35] 
[[0.05476527214050286, 0.2866481781005859, -0.23188290596008304, -5.376968207649272, True], 35] 
[[0.05121948719024655, 0.05476527214050286, -0.0035457849502563143, -0.0012572590913464173, True], 34] 
[[0.05237631797790521, 0.05121948719024655, 0.001156830787658658, 0.00013382574712749514, True], 34] 
[[0.2989222526550293, 0.05237631797790521, 0.2465459346771241, 6.078489790581675, True], 34] 
[[0.581455135345459, 0.2989222526550293, 0.2825328826904297, 7.98248298013641, True], 34] 
[[0.5866394996643066, 0.581455135345459, 0.005184364318847612, 0.0026877633390540263, True], 34] 
[[0.5698578357696533, 0.5866394996643066, -0.016781663894653298, -0.028162424307311012, True], 35] 
[[0.5619396209716797, 0.5698578357696533, -0.00791821479797361, -0.006269812558684826, True], 35] 
[[0.5612461090087891, 0.5619396209716797, -0.0006935119628905806, -4.80958842672346e-05, True], 35] 
[[0.594277572631836, 0.5612461090087891, 0.033031463623046875, 0.1091077589080669, True], 35] 
[[0.5887551307678223, 0.594277572631836, -0.0055224418640137385, -0.0030497364141411536, True], 34] 
[[0.5907295227050782, 0.5887551307678223, 0.001974391937255904, 0.00038982235219011204, True], 34] 
[[0.5930905342102051, 0.5907295227050782, 0.0023610115051269087, 0.0005574375327341631, True], 34] 
[[0.5963587284088135, 0.5930905342102051, 0.003268194198608465, 0.0010681093319818028, True], 34] 
[[0.5988414287567139, 0.5963587284088135, 0.002482700347900324, 0.000616380101746439, True], 34] 
[[0.6036439895629883, 0.5988414287567139, 0.004802560806274392, 0.0023064590297962938, True], 34] 
[[0.34221067428588864, 0.6036439895629883, -0.2614333152770996, -6.834737833677536, True], 34] 
[[0.5895491123199463, 0.34221067428588864, 0.2473384380340577, 6.11763029291274, True], 34] 
[[0.8355647087097168, 0.5895491123199463, 0.24601559638977044, 6.052367366701442, True], 34] 
[[-0.21557520627975466, -0.21557520627975466, 0.0, 0.0, True], 34] 
[[-0.2204054117202759, -0.21557520627975466, -0.004830205440521235, -0.0023330884597640936, True], 34] 
[[0.026209449768066384, -0.2204054117202759, 0.24661486148834227, 6.081888990691425, True], 35] 
[[0.038315105438232355, 0.026209449768066384, 0.012105655670165971, 0.014654689920462153, True], 35] 
[[0.2902339935302734, 0.038315105438232355, 0.25191888809204105, 6.346312617753031, True], 34] 
[[0.2949047565460205, 0.2902339935302734, 0.0046707630157470925, 0.0021816027149270875, True], 34] 
[[0.2942075252532959, 0.2949047565460205, -0.0006972312927245872, -4.8613147555439896e-05, True], 35] 
[[0.2858241081237793, 0.2942075252532959, -0.008383417129516624, -0.007028168276747275, True], 34] 
[[0.2842142105102539, 0.2858241081237793, -0.0016098976135253684, -0.00025917703260346764, True], 35] 
[[0.5657724857330323, 0.2842142105102539, 0.2815582752227784, 7.927506234642581, True], 35] 
[[0.8187783241271973, 0.5657724857330323, 0.253005838394165, 6.401195426153436, True], 34] 
[[-0.21520467996597292, -0.21520467996597292, 0.0, 0.0, True], 34] 
[[0.2792966365814209, -0.21520467996597292, 0.4945013165473938, 24.453155206710576, True], 34] 
[[0.29593143463134763, 0.2792966365814209, 0.016634798049926736, 0.027671650616184634, True], 35] 
[[-0.2197753667831421, 0.29593143463134763, -0.5157068014144898, -26.595350502516396, True], 35] 
[[0.030367755889892545, -0.2197753667831421, 0.2501431226730346, 6.257158182061684, True], 35] 
[[0.2672842979431152, 0.030367755889892545, 0.23691654205322266, 5.612944789845642, True], 35] 
[[0.03683099746704099, 0.2672842979431152, -0.2304533004760742, -5.310872370031575, True], 35] 
[[0.3037236213684082, 0.03683099746704099, 0.2668926239013672, 7.123167269295664, True], 35] 
[[0.3066862106323242, 0.3037236213684082, 0.0029625892639160156, 0.0008776935146670439, True], 35] 
[[0.31222019195556644, 0.3066862106323242, 0.005533981323242232, 0.0030624949285993843, True], 35] 
[[0.31880607604980465, 0.31222019195556644, 0.006585884094238215, 0.004337386930273991, True], 35] 
[[0.33815636634826657, 0.31880607604980465, 0.019350290298461914, 0.03744337346347493, True], 35] 
[[0.6010659217834473, 0.33815636634826657, 0.26290955543518074, 6.912143433912438, True], 35] 
[[0.5959485054016114, 0.6010659217834473, -0.0051174163818359375, -0.0026187950425082818, True], 35] 
[[0.5952824592590332, 0.5959485054016114, -0.0006660461425781472, -4.436174640432296e-05, True], 34] 
[[0.6064181327819824, 0.5952824592590332, 0.011135673522949197, 0.012400322480971176, True], 35] 
[[0.6152029991149902, 0.6064181327819824, 0.00878486633300779, 0.007717387648881374, True], 35] 
[[0.6151871681213379, 0.6152029991149902, -1.5830993652321546e-05, -2.5062036001984507e-08, True], 35] 
[[0.6164357662200928, 0.6151871681213379, 0.0012485980987548828, 0.0001558997212214308, True], 35] 
[[0.6133322715759277, 0.6164357662200928, -0.003103494644165039, -0.0009631679006361082, True], 35] 
[[0.6176277160644531, 0.6133322715759277, 0.004295444488525368, 0.0018450843354002964, True], 35] 
[[0.8630529403686523, 0.6176277160644531, 0.24542522430419922, 6.02335407247665, True], 35] 
[[-0.21557520627975466, -0.21557520627975466, 0.0, 0.0, True], 35] 
[[0.02356786727905269, -0.21557520627975466, 0.23914307355880735, 5.718940963115314, True], 34] 
[[-0.21898477077484133, 0.02356786727905269, -0.24255263805389402, -5.883178222690331, True], 34] 
[[0.03655629158020013, -0.21898477077484133, 0.2555410623550415, 6.530123454954321, True], 34] 
[[0.030072021484374933, 0.03655629158020013, -0.006484270095825195, -0.004204575867561289, True], 34] 
[[0.2663522243499756, 0.030072021484374933, 0.23628020286560064, 5.5828334266209385, True], 34] 
[[0.029352140426635698, 0.2663522243499756, -0.23700008392333988, -5.616903977967015, True], 35] 
[[-0.2222768068313599, 0.029352140426635698, -0.25162894725799556, -6.331712709816711, True], 35] 
[[-0.22096753120422366, -0.2222768068313599, 0.0013092756271362305, 0.00017142026678129696, True], 35] 
[[-0.22210029363632205, -0.22096753120422366, -0.0011327624320983942, -0.0001283150727573469, True], 35] 
[[0.274444580078125, -0.22210029363632205, 0.49654487371444705, 24.655681161209614, True], 35] 
[[0.30390391349792484, 0.274444580078125, 0.029459333419799838, 0.08678523255389356, True], 35] 
[[0.3209495544433593, 0.30390391349792484, 0.01704564094543448, 0.029055387524067253, True], 34] 
[[0.3005959510803223, 0.3209495544433593, -0.020353603363037043, -0.04142691698598328, True], 34] 
[[0.5348965167999268, 0.3005959510803223, 0.2343005657196045, 5.48967550965267, True], 34] 
[[0.2799976825714111, 0.5348965167999268, -0.25489883422851567, -6.4973415691056315, True], 34] 
[[0.2975165367126465, 0.2799976825714111, 0.017518854141235385, 0.03069102504218802, True], 34] 
[[0.5430254459381104, 0.2975165367126465, 0.24550890922546392, 6.0274624509077075, True], 34] 
[[0.3175151348114013, 0.5430254459381104, -0.2255103111267091, -5.085490042446515, True], 34] 
[[0.31606130599975585, 0.3175151348114013, -0.0014538288116454634, -0.00021136182135704604, True], 34] 
[[0.5895677089691163, 0.31606130599975585, 0.2735064029693604, 7.480575246523816, True], 34] 
[[0.5957221508026124, 0.5895677089691163, 0.006154441833496116, 0.0037877154281887033, True], 34] 
[[0.8381759643554687, 0.5957221508026124, 0.24245381355285633, 5.878385170632323, True], 34] 
[[-0.21557520627975466, -0.21557520627975466, 0.0, 0.0, True], 34] 
[[0.031129598617553655, -0.21557520627975466, 0.2467048048973083, 6.086326075941896, True], 34] 
[[0.30731801986694335, 0.031129598617553655, 0.2761884212493897, 7.628004403223033, True], 34] 
[[0.3163945198059082, 0.30731801986694335, 0.009076499938964866, 0.008238285114202921, True], 34] 
[[0.31349821090698243, 0.3163945198059082, -0.0028963088989257812, -0.0008388605237996671, True], 34] 
[[0.31639976501464845, 0.31349821090698243, 0.0029015541076660156, 0.0008419016239713528, True], 34] 
[[0.3246828079223633, 0.31639976501464845, 0.008283042907714866, 0.006860879981104554, True], 34] 
[[0.5842647075653077, 0.3246828079223633, 0.25958189964294437, 6.738276262223965, True], 34] 
[[0.5795711040496826, 0.5842647075653077, -0.004693603515625089, -0.0022029913961888192, True], 34] 
[[0.5769375324249267, 0.5795711040496826, -0.0026335716247558594, -0.0006935699502719217, True], 34] 
[[0.6073562145233155, 0.5769375324249267, 0.030418682098388716, 0.09252962206028341, True], 34] 
[[0.615703296661377, 0.6073562145233155, 0.008347082138061568, 0.006967378021954647, True], 34] 
[[0.6176700592041016, 0.615703296661377, 0.0019667625427245428, 0.0003868154899464309, True], 34] 
[[0.861367130279541, 0.6176700592041016, 0.24369707107543948, 5.938826245074779, True], 34] 
[[-0.21557520627975466, -0.21557520627975466, 0.0, 0.0, True], 34] 
[[-0.22004752159118654, -0.21557520627975466, -0.004472315311431885, -0.0020001604244868076, True], 34] 
[[0.28300728797912594, -0.22004752159118654, 0.5030548095703125, 25.306414143182337, True], 35] 
[[0.284819746017456, 0.28300728797912594, 0.0018124580383300781, 0.0003285004140707315, True], 35] 
[[0.5323290348052979, 0.284819746017456, 0.2475092887878419, 6.126084803626331, True], 35] 
[[0.046071863174438454, 0.5323290348052979, -0.48625717163085946, -23.64460369624431, True], 34] 
[[0.03875188827514642, 0.046071863174438454, -0.007319974899292037, -0.005358203252626546, True], 34] 
[[0.2977992534637451, 0.03875188827514642, 0.25904736518859867, 6.710553741115521, True], 34] 
[[0.2928773403167724, 0.2977992534637451, -0.004921913146972656, -0.0024225229026342276, True], 34] 
[[0.05830330848693843, 0.2928773403167724, -0.234574031829834, -5.502497640890397, True], 35] 
[[0.06144804954528804, 0.05830330848693843, 0.0031447410583496094, 0.0009889396324069821, True], 35] 
[[0.6012189388275146, 0.06144804954528804, 0.5397708892822266, 29.13526129165257, True], 35] 
[[0.5948821544647217, 0.6012189388275146, -0.0063367843627929465, -0.004015483606053721, True], 34] 
[[0.5842154502868653, 0.5948821544647217, -0.010666704177856423, -0.011377857801789968, True], 34] 
[[0.5784647464752197, 0.5842154502868653, -0.005750703811645552, -0.0033070594329274684, True], 34] 
[[0.5677483558654786, 0.5784647464752197, -0.010716390609741167, -0.011484102770054865, True], 34] 
[[0.5699368000030518, 0.5677483558654786, 0.002188444137573242, 0.0004789287743278692, True], 34] 
[[0.5653871536254883, 0.5699368000030518, -0.004549646377563499, -0.002069928216087667, True], 34] 
[[0.5595606327056885, 0.5653871536254883, -0.005826520919799849, -0.003394834602886528, True], 34] 
[[0.5639097213745118, 0.5595606327056885, 0.004349088668823331, 0.0018914572249287493, True], 34] 
[[0.5484441757202149, 0.5639097213745118, -0.01546554565429692, -0.023918310238514234, True], 34] 
[[0.5642542839050293, 0.5484441757202149, 0.01581010818481443, 0.024995952081553627, True], 34] 
[[0.570797348022461, 0.5642542839050293, 0.006543064117431663, 0.004281168804482179, True], 34] 
[[0.8414313316345214, 0.570797348022461, 0.2706339836120605, 7.324275308573301, True], 34] 
[[-0.21520467996597292, -0.21520467996597292, 0.0, 0.0, True], 34] 
[[-0.22173646688461307, -0.21520467996597292, -0.006531786918640148, -0.004266424035051856, True], 35] 
[[-0.22353637218475345, -0.22173646688461307, -0.0017999053001403753, -0.00032396590894734144, True], 35] 
[[-0.21611086130142215, -0.22353637218475345, 0.007425510883331293, 0.005513821187847148, True], 34] 
[[-0.21808645725250247, -0.21611086130142215, -0.0019755959510803223, -0.0003902979361924963, True], 34] 
[[-0.21932656764984132, -0.21808645725250247, -0.001240110397338845, -0.0001537873797587908, True], 34] 
[[0.035624647140502896, -0.21932656764984132, 0.2549512147903442, 6.500012192307224, True], 35] 
[[0.04430203437805169, 0.035624647140502896, 0.008677387237548795, 0.00752970492703747, True], 35] 
[[0.28827180862426754, 0.04430203437805169, 0.24396977424621585, 5.952125074574953, True], 35] 
[[0.029821133613586404, 0.28827180862426754, -0.25845067501068114, -6.679675141347673, True], 35] 
[[0.049368143081664984, 0.029821133613586404, 0.01954700946807858, 0.03820855791451536, True], 35] 
[[0.2762145519256592, 0.049368143081664984, 0.2268464088439942, 5.145929320541659, True], 35] 
[[0.3152921676635742, 0.2762145519256592, 0.03907761573791502, 0.15270600517601435, True], 35] 
[[0.579168701171875, 0.3152921676635742, 0.2638765335083008, 6.963082493635741, True], 35] 
[[0.5775957107543945, 0.579168701171875, -0.001572990417480491, -0.00024742988534854493, True], 35] 
[[0.5882431030273437, 0.5775957107543945, 0.010647392272949197, 0.011336696221405826, True], 34] 
[[0.5925263404846192, 0.5882431030273437, 0.004283237457275435, 0.0018346123115407333, True], 34] 
[[0.8405156135559082, 0.5925263404846192, 0.24798927307128904, 6.1498679558426375, True], 34] 
[[-0.21557520627975466, -0.21557520627975466, 0.0, 0.0, True], 34] 
[[-0.21904462575912478, -0.21557520627975466, -0.0034694194793701283, -0.0012036871523832893, True], 34] 
[[0.01448888778686519, -0.21904462575912478, 0.23353351354598997, 5.453790194913509, True], 35] 
[[-0.21502639055252076, 0.01448888778686519, -0.22951527833938595, -5.26772629912058, True], 35] 
[[0.27985243797302245, -0.21502639055252076, 0.4948788285255432, 24.4905054922814, True], 35] 
[[0.050297331809997514, 0.27985243797302245, -0.22955510616302494, -5.269554676551765, True], 35] 
[[0.040896940231323176, 0.050297331809997514, -0.009400391578674339, -0.008836736183241142, True], 35] 
[[0.054588389396667436, 0.040896940231323176, 0.01369144916534426, 0.018745578024720606, True], 35] 
[[0.05577533245086663, 0.054588389396667436, 0.0011869430541991965, 0.0001408833813911717, True], 34] 
[[0.060839796066284146, 0.05577533245086663, 0.005064463615417514, 0.0025648791711887836, True], 34] 
[[0.31271495819091794, 0.060839796066284146, 0.2518751621246338, 6.344109729531056, True], 34] 
[[0.30824847221374513, 0.31271495819091794, -0.004466485977172807, -0.001994949698428133, True], 34] 
[[0.060384654998779264, 0.30824847221374513, -0.24786381721496586, -6.1436471884374, True], 34] 
[[0.061791729927062944, 0.060384654998779264, 0.0014070749282836803, 0.00019798598538045241, True], 34] 
[[0.0638520717620849, 0.061791729927062944, 0.0020603418350219616, 0.0004245008477141664, True], 34] 
[[0.06078557968139642, 0.0638520717620849, -0.0030664920806884877, -0.0009403373680925211, True], 34] 
[[0.06196355819702143, 0.06078557968139642, 0.001177978515625011, 0.00013876333832741047, True], 34] 
[[0.0585055589675903, 0.06196355819702143, -0.00345799922943113, -0.001195775867074629, True], 34] 
[[0.06245932579040525, 0.0585055589675903, 0.0039537668228149525, 0.0015632272089192243, True], 34] 
[[0.29566092491149903, 0.06245932579040525, 0.23320159912109378, 5.438298583263533, True], 35] 
[[0.5511913299560547, 0.29566092491149903, 0.25553040504455565, 6.529578790223468, True], 35] 
[[0.5458338260650635, 0.5511913299560547, -0.005357503890991211, -0.0028702847941985965, True], 35] 
[[0.5431128025054932, 0.5458338260650635, -0.002721023559570268, -0.0007403969211736452, True], 35] 
[[0.5577116966247558, 0.5431128025054932, 0.014598894119262629, 0.021312770950544097, True], 35] 
[[0.5604465484619141, 0.5577116966247558, 0.0027348518371582697, 0.0007479414571207963, True], 35] 
[[0.5597143173217773, 0.5604465484619141, -0.0007322311401367632, -5.361624425859841e-05, True], 35] 
[[0.5673387527465821, 0.5597143173217773, 0.007624435424804732, 0.005813201554701731, True], 35] 
[[0.30453176498413087, 0.5673387527465821, -0.2628069877624512, -6.906751281677319, True], 35] 
[[0.3019577980041504, 0.30453176498413087, -0.0025739669799804688, -0.0006625306014029775, True], 35] 
[[0.7760151386260986, 0.3019577980041504, 0.4740573406219482, 22.473036219755386, True], 35] 
[[-0.21520467996597292, -0.21520467996597292, 0.0, 0.0, True], 35] 
[[-0.2329434156417847, -0.21520467996597292, -0.017738735675811773, -0.03146627433763174, True], 34] 
[[0.009395027160644498, -0.2329434156417847, 0.2423384428024292, 5.872792085990625, True], 34] 
[[0.01777749061584466, 0.009395027160644498, 0.008382463455200162, 0.007026569357776624, True], 34] 
[[0.5675942897796631, 0.01777749061584466, 0.5498167991638184, 30.229851264274668, True], 35] 
[[0.5744785308837891, 0.5675942897796631, 0.006884241104125999, 0.004739277557973795, True], 35] 
[[0.5918429851531982, 0.5744785308837891, 0.017364454269409135, 0.030152427207440116, True], 35] 
[[0.5864775657653809, 0.5918429851531982, -0.005365419387817316, -0.0028787725207165943, True], 35] 
[[0.589798402786255, 0.5864775657653809, 0.0033208370208740456, 0.0011027958519207607, True], 35] 
[[0.5948575973510742, 0.589798402786255, 0.0050591945648192915, 0.002559544964469706, True], 35] 
[[0.5928223609924317, 0.5948575973510742, -0.002035236358642556, -0.00041421870355406104, True], 35] 
[[0.5967868804931641, 0.5928223609924317, 0.0039645195007324, 0.0015717414871687476, True], 35] 
[[0.606232738494873, 0.5967868804931641, 0.00944585800170894, 0.008922423338844881, True], 34] 
[[0.6117907524108886, 0.606232738494873, 0.005558013916015625, 0.0030891518690623343, True], 34] 
[[0.6023729324340821, 0.6117907524108886, -0.009417819976806574, -0.008869533311553698, True], 34] 
[[0.6239588737487793, 0.6023729324340821, 0.021585941314697266, 0.04659528624415543, True], 34] 
[[0.5934972763061523, 0.6239588737487793, -0.030461597442626998, -0.09279089187566596, True], 34] 
[[0.3389913558959961, 0.5934972763061523, -0.25450592041015624, -6.477326352382079, True], 34] 
[[0.5834499359130859, 0.3389913558959961, 0.2444585800170898, 5.97599973439719, True], 34] 
[[0.5982965469360352, 0.5834499359130859, 0.014846611022949263, 0.022042185886675857, True], 34] 
[[0.8392142295837403, 0.5982965469360352, 0.24091768264770508, 5.804132981234034, True], 34] 
[[-0.21557520627975466, -0.21557520627975466, 0.0, 0.0, True], 34] 
[[0.021858906745910622, -0.21557520627975466, 0.23743411302566528, 5.63749580282844, True], 35] 
[[0.04101355075836177, 0.021858906745910622, 0.01915464401245115, 0.03669003872437307, True], 35] 
[[0.2878514766693115, 0.04101355075836177, 0.24683792591094972, 6.09289616680195, True], 35] 
[[0.2913193225860596, 0.2878514766693115, 0.0034678459167480913, 0.001202595530230641, True], 35] 
[[0.560954475402832, 0.2913193225860596, 0.26963515281677247, 7.270311563452424, True], 35] 
[[0.5619324207305908, 0.560954475402832, 0.0009779453277587447, 9.563770640851585e-05, True], 35] 
[[0.3139152526855468, 0.5619324207305908, -0.24801716804504398, -6.1512515645083585, True], 35] 
[[0.32517380714416505, 0.3139152526855468, 0.01125855445861823, 0.012675504849767243, True], 35] 
[[0.5481427669525146, 0.32517380714416505, 0.22296895980834958, 4.971515703801741, True], 35] 
[[0.2801054954528808, 0.5481427669525146, -0.2680372714996338, -7.18439789129684, True], 35] 
[[0.29743289947509766, 0.2801054954528808, 0.01732740402221683, 0.030023893014913598, True], 35] 
[[0.5530482769012451, 0.29743289947509766, 0.2556153774261475, 6.533922117671182, True], 34] 
[[0.5606386661529541, 0.5530482769012451, 0.007590389251708962, 0.005761400899245894, True], 34] 
[[0.5730705738067627, 0.5606386661529541, 0.012431907653808638, 0.01545523279128258, True], 35] 
[[0.60361647605896, 0.5730705738067627, 0.03054590225219722, 0.09330521444007872, True], 33] 
[[0.599032211303711, 0.60361647605896, -0.004584264755248979, -0.002101548334621798, True], 34] 
[[0.850825023651123, 0.599032211303711, 0.251792812347412, 6.339962034981904, True], 34] 
[[-0.21520467996597292, -0.21520467996597292, 0.0, 0.0, True], 34] 
[[0.006435775756835904, -0.21520467996597292, 0.22164045572280883, 4.9124491613014385, True], 34] 
[[0.03015522956848138, 0.006435775756835904, 0.023719453811645475, 0.0562612489122783, True], 35] 
[[0.03296542167663569, 0.03015522956848138, 0.002810192108154308, 0.0007897179684732754, True], 35] 
[[0.27337827682495114, 0.03296542167663569, 0.24041285514831545, 5.77983409205649, True], 35] 
[[0.293222713470459, 0.27337827682495114, 0.019844436645507835, 0.039380166577757426, True], 35] 
[[0.3090508460998535, 0.293222713470459, 0.01582813262939453, 0.025052978253370384, True], 35] 
[[0.31099271774291987, 0.3090508460998535, 0.0019418716430663618, 0.0003770865478145252, True], 35] 
[[0.32133269309997553, 0.31099271774291987, 0.010339975357055664, 0.01069150903845184, True], 35] 
[[0.3116196155548096, 0.32133269309997553, -0.009713077545165927, -0.009434387539840655, True], 35] 
[[0.5808555603027344, 0.3116196155548096, 0.26923594474792484, 7.2487993944307645, True], 34] 
[[0.5512402534484864, 0.5808555603027344, -0.02961530685424807, -0.08770664000712726, True], 34] 
[[0.30967578887939456, 0.5512402534484864, -0.2415644645690918, -5.835339054255201, True], 34] 
[[0.5676196098327637, 0.30967578887939456, 0.25794382095336915, 6.653501476802376, True], 34] 
[[0.31428132057189945, 0.5676196098327637, -0.25333828926086427, -6.418028880562133, True], 34] 
[[0.32614073753356937, 0.31428132057189945, 0.011859416961669922, 0.014064577067074424, True], 34] 
[[0.3229909896850586, 0.32614073753356937, -0.003149747848510742, -0.000992091150919805, True], 34] 
[[0.30214443206787106, 0.3229909896850586, -0.020846557617187567, -0.043457896448672095, True], 34] 
[[0.3313607692718506, 0.30214443206787106, 0.029216337203979537, 0.08535943596166388, True], 34] 
[[0.0600366592407226, 0.3313607692718506, -0.271324110031128, -7.361677268418366, True], 34] 
[[0.2677875518798828, 0.0600366592407226, 0.2077508926391602, 4.316043339236787, True], 34] 
[[-0.22492088079452516, 0.2677875518798828, -0.49270843267440795, -24.27615996284716, True], 34] 
[[0.025242233276367154, -0.22492088079452516, 0.2501631140708923, 6.258158364164629, True], 34] 
[[0.023757410049438432, 0.025242233276367154, -0.001484823226928722, -0.00022047000152270233, True], 33] 
[[0.02752597332000728, 0.023757410049438432, 0.0037685632705688477, 0.001420206912428057, True], 33] 
[[0.030047655105590765, 0.02752597332000728, 0.002521681785583485, 0.0006358879027743513, True], 33] 
[[0.04698975086212154, 0.030047655105590765, 0.016942095756530773, 0.028703460862345802, True], 34] 
[[0.29072017669677735, 0.04698975086212154, 0.24373042583465582, 5.940452047754265, True], 34] 
[[0.2863093376159668, 0.29072017669677735, -0.00441083908081058, -0.0019455501396805925, True], 34] 
[[0.055779838562011685, 0.2863093376159668, -0.2305294990539551, -5.3143849934067475, True], 34] 
[[0.29417886734008786, 0.055779838562011685, 0.23839902877807617, 5.683409692232999, True], 33] 
[[-0.21520467996597292, -0.21520467996597292, 0.0, 0.0, True], 33] 
[[-0.22333317995071414, -0.21520467996597292, -0.008128499984741216, -0.006607251200193795, True], 35] 
[[0.031803798675537065, -0.22333317995071414, 0.2551369786262512, 6.509487786253215, True], 35] 
[[0.04125542640686031, 0.031803798675537065, 0.009451627731323242, 0.008933326677151854, True], 35] 
[[0.3174637317657471, 0.04125542640686031, 0.2762083053588868, 7.629102794922806, True], 35] 
[[0.3184629917144775, 0.3174637317657471, 0.0009992599487304021, 9.98520445136686e-05, True], 35] 
[[0.30706138610839845, 0.3184629917144775, -0.011401605606079057, -0.012999661039657339, True], 35] 
[[0.5702607154846192, 0.30706138610839845, 0.26319932937622076, 6.927388698409234, True], 35] 
[[0.3233052253723145, 0.5702607154846192, -0.24695549011230472, -6.098701409660864, True], 35] 
[[0.5589789867401124, 0.3233052253723145, 0.23567376136779788, 5.5542121797245745, True], 35] 
[[0.8397103309631347, 0.5589789867401124, 0.28073134422302237, 7.881008762926507, True], 35] 
[[-0.21557520627975466, -0.21557520627975466, 0.0, 0.0, True], 35] 
[[0.016175246238708474, -0.21557520627975466, 0.23175045251846313, 5.370827224251244, True], 34] 
[[0.27565879821777345, 0.016175246238708474, 0.259483551979065, 6.733171374767212, True], 35] 
[[-0.21555031538009645, 0.27565879821777345, -0.4912091135978699, -24.128639328160503, True], 34] 
[[0.29757184982299806, -0.21555031538009645, 0.5131221652030945, 26.32943564227118, True], 34] 
[[0.03673946857452387, 0.29757184982299806, -0.2608323812484742, -6.80335311077494, True], 34] 
[[0.30250611305236813, 0.03673946857452387, 0.26576664447784426, 7.0631909317012855, True], 34] 
[[0.5746074676513672, 0.30250611305236813, 0.27210135459899903, 7.403914717461021, True], 34] 
[[0.59778470993042, 0.5746074676513672, 0.023177242279052823, 0.05371845596619137, True], 35] 
[[0.5937211513519287, 0.59778470993042, -0.0040635585784912776, -0.0016512508320830053, True], 34] 
[[0.8438994407653808, 0.5937211513519287, 0.2501782894134521, 6.2589176493841, True], 34] 
[[-0.21520467996597292, -0.21520467996597292, 0.0, 0.0, True], 34] 
[[0.032062101364135676, -0.21520467996597292, 0.2472667813301086, 6.114086114935175, True], 35] 
[[0.017223501205444303, 0.032062101364135676, -0.014838600158691373, -0.022018405466951566, True], 35] 
[[0.27411575317382814, 0.017223501205444303, 0.25689225196838383, 6.599362912138761, True], 35] 
[[0.035908985137939387, 0.27411575317382814, -0.23820676803588875, -5.674246433810372, True], 34] 
[[0.5258626937866211, 0.035908985137939387, 0.4899537086486817, 24.00546366185973, True], 34] 
[[0.542810583114624, 0.5258626937866211, 0.016947889328002952, 0.028723095267423636, True], 34] 
[[0.5587824821472168, 0.542810583114624, 0.015971899032592773, 0.025510155870733797, True], 34] 
[[0.5768907546997071, 0.5587824821472168, 0.018108272552490257, 0.0327909534835272, True], 34] 
[[0.5827511787414551, 0.5768907546997071, 0.005860424041748025, 0.0034344569949098253, True], 34] 
[[0.5691123008728027, 0.5827511787414551, -0.013638877868652366, -0.01860189895160153, True], 34] 
[[0.31389179229736325, 0.5691123008728027, -0.2552205085754395, -6.513750799750599, True], 35] 
[[0.32256612777709964, 0.31389179229736325, 0.008674335479736395, 0.007524409601501363, True], 35] 
[[0.3162751197814941, 0.32256612777709964, -0.006291007995605558, -0.003957678160077306, True], 35] 
[[0.3049654483795166, 0.3162751197814941, -0.011309671401977472, -0.012790866722070708, True], 35] 
[[0.05607986450195307, 0.3049654483795166, -0.24888558387756354, -6.194403386207573, True], 35] 
[[0.5496739387512207, 0.05607986450195307, 0.49359407424926766, 24.363511013399155, True], 35] 
[[0.5574078559875488, 0.5496739387512207, 0.007733917236328103, 0.005981347581837292, True], 35] 
[[0.5527611255645752, 0.5574078559875488, -0.004646730422973588, -0.0021592103623788305, True], 35] 
[[0.5482829093933106, 0.5527611255645752, -0.0044782161712646484, -0.0020054420076576207, True], 35] 
[[0.5720645904541016, 0.5482829093933106, 0.023781681060791038, 0.05655683540771871, True], 35] 
[[0.5793836116790771, 0.5720645904541016, 0.007319021224975519, 0.0053568071691642155, True], 35] 
[[0.601443099975586, 0.5793836116790771, 0.022059488296508833, 0.04866210239038102, True], 35] 
[[0.605526876449585, 0.601443099975586, 0.004083776473999046, 0.0016677230289588079, True], 35] 
[[0.6010304927825928, 0.605526876449585, -0.004496383666992232, -0.002021746608079451, True], 35] 
[[0.6006757736206055, 0.6010304927825928, -0.0003547191619872603, -1.258256838809442e-05, True], 34] 
[[0.6074429035186768, 0.6006757736206055, 0.006767129898071267, 0.004579404705737003, True], 34] 
[[0.8580252647399902, 0.6074429035186768, 0.2505823612213134, 6.279151975524878, True], 34] 
[[-0.21557520627975466, -0.21557520627975466, 0.0, 0.0, True], 34] 
[[-0.22117078304290774, -0.21557520627975466, -0.005595576763153087, -0.0031310479312338783, True], 34] 
[[0.011732840538024869, -0.22117078304290774, 0.2329036235809326, 5.424409787712875, True], 35] 
[[0.024222373962402288, 0.011732840538024869, 0.01248953342437742, 0.015598844515864074, True], 34] 
[[0.048303413391113215, 0.024222373962402288, 0.024081039428710926, 0.057989645996713024, True], 34] 
[[0.3313535690307617, 0.048303413391113215, 0.28305015563964847, 8.011739060762922, True], 34] 
[[0.32406377792358393, 0.3313535690307617, -0.007289791107177757, -0.00531410543862879, True], 34] 
[[0.32896075248718265, 0.32406377792358393, 0.004896974563598722, 0.002398035987653289, True], 34] 
[[0.3295483589172363, 0.32896075248718265, 0.0005876064300536221, 3.452813166403623e-05, True], 34] 
[[0.3394613742828369, 0.3295483589172363, 0.00991301536560063, 0.00982678736386342, True], 34] 
[[0.3394083023071289, 0.3394613742828369, -5.307197570803002e-05, -2.816634605553728e-07, True], 34] 
[[0.619779109954834, 0.3394083023071289, 0.2803708076477051, 7.860778978102647, True], 34] 
[[0.865623664855957, 0.619779109954834, 0.245844554901123, 6.043954517453129, True], 34] 
[[-0.21520467996597292, -0.21520467996597292, 0.0, 0.0, True], 34] 
[[-0.22139215469360354, -0.21520467996597292, -0.006187474727630621, -0.0038284843505067626, True], 34] 
[[0.29541168212890623, -0.22139215469360354, 0.5168038368225097, 26.70862057544673, True], 35] 
[[0.31297674179077145, 0.29541168212890623, 0.017565059661865223, 0.030853132092488484, True], 35] 
[[0.32634787559509276, 0.31297674179077145, 0.013371133804321311, 0.01787872192130641, True], 35] 
[[0.33086543083190917, 0.32634787559509276, 0.004517555236816406, 0.0020408305317687336, True], 35] 
[[0.3338162422180176, 0.33086543083190917, 0.0029508113861084206, 0.0008707287836387099, True], 35] 
[[0.5729117393493652, 0.3338162422180176, 0.23909549713134765, 5.7166656748486275, True], 35] 
[[0.5824614048004151, 0.5729117393493652, 0.009549665451049849, 0.009119611022697512, True], 35] 
[[0.6031705379486084, 0.5824614048004151, 0.020709133148193337, 0.04288681957496001, True], 35] 
[[0.6088834762573242, 0.6031705379486084, 0.005712938308715776, 0.003263766411919227, True], 35] 
[[0.6131253242492676, 0.6088834762573242, 0.004241847991943382, 0.0017993274386754099, True], 34] 
[[0.6272902965545655, 0.6131253242492676, 0.014164972305297896, 0.020064644040985638, True], 34] 
[[0.6054965019226074, 0.6272902965545655, -0.021793794631958074, -0.04749694844599646, True], 34] 
[[0.6136916637420654, 0.6054965019226074, 0.008195161819458008, 0.0067160677247102285, True], 34] 
[[0.6111431121826172, 0.6136916637420654, -0.00254855155944822, -0.0006495115051165954, True], 34] 
[[0.621544885635376, 0.6111431121826172, 0.010401773452758833, 0.010819689096251842, True], 34] 
[[0.8906498908996582, 0.621544885635376, 0.26910500526428216, 7.241750385828932, True], 33] 
[[-0.21520467996597292, -0.21520467996597292, 0.0, 0.0, True], 33] 
[[-0.23292044401168827, -0.21520467996597292, -0.017715764045715343, -0.03138482957234605, True], 35] 
[[0.039311170578002874, -0.23292044401168827, 0.27223161458969114, 7.411005198211015, True], 35] 
[[0.05048639774322505, 0.039311170578002874, 0.011175227165222179, 0.012488570219431974, True], 35] 
[[0.05155477523803709, 0.05048639774322505, 0.001068377494812034, 0.00011414304714208376, True], 35] 
[[0.04172153472900386, 0.05155477523803709, -0.009833240509033225, -0.0096692618908492, True], 35] 
[[0.034686446189880316, 0.04172153472900386, -0.007035088539123546, -0.004949247075330747, True], 35] 
[[-0.22645541429519656, 0.034686446189880316, -0.26114186048507687, -6.819507129760734, True], 34] 
[[0.014773130416870062, -0.22645541429519656, 0.24122854471206662, 5.819121078390152, True], 35] 
[[-0.22622176408767702, 0.014773130416870062, -0.24099489450454709, -5.807853917725778, True], 34] 
[[-0.22704842090606692, -0.22622176408767702, -0.0008266568183898926, -6.833614953904998e-05, True], 33] 
[[-0.22279378175735476, -0.22704842090606692, 0.004254639148712158, 0.0018101954285754118, True], 34] 
[[0.02245075702667232, -0.22279378175735476, 0.24524453878402708, 6.014488380339017, True], 34] 
[[0.012730169296264582, 0.02245075702667232, -0.009720587730407737, -0.009448982582455344, True], 34] 
[[0.006894636154174738, 0.012730169296264582, -0.005835533142089844, -0.0034053447052428965, True], 34] 
[[0.2504389762878418, 0.006894636154174738, 0.24354434013366705, 5.93138456111433, True], 34] 
[[0.2685996532440185, 0.2504389762878418, 0.018160676956176736, 0.03298101875066087, True], 34] 
[[0.3113026618957519, 0.2685996532440185, 0.042703008651733376, 0.18235469479100155, True], 34] 
[[0.29402947425842285, 0.3113026618957519, -0.017273187637329046, -0.0298363011154377, True], 34] 
[[0.5433117389678955, 0.29402947425842285, 0.24928226470947268, 6.21416474986836, True], 34] 
[[0.5489839553833008, 0.5433117389678955, 0.0056722164154052734, 0.003217403906319305, True], 34] 
[[0.8238662719726563, 0.5489839553833008, 0.27488231658935547, 7.556028797353065, True], 34] 
[[-0.21557520627975466, -0.21557520627975466, 0.0, 0.0, True], 34] 
[[0.03044161796569822, -0.21557520627975466, 0.24601682424545288, 6.052427781181805, True], 34] 
[[0.2752064228057861, 0.03044161796569822, 0.2447648048400879, 5.990980968840631, True], 35] 
[[0.2855372428894043, 0.2752064228057861, 0.010330820083618186, 0.010672584360008886, True], 33] 
[[0.295920991897583, 0.2855372428894043, 0.010383749008178678, 0.010782224346485167, True], 34] 
[[0.2999237060546875, 0.295920991897583, 0.004002714157104514, 0.0016021720623484903, True], 34] 
[[0.30528812408447265, 0.2999237060546875, 0.005364418029785156, 0.0028776980798284058, True], 34] 
[[0.5681729316711426, 0.30528812408447265, 0.26288480758666993, 6.910842205988047, True], 33] 
[[0.562835693359375, 0.5681729316711426, -0.005337238311767578, -0.0028486112796599627, True], 34] 
[[0.5687914371490479, 0.562835693359375, 0.005955743789672896, 0.003547088408822727, True], 34] 
[[0.05822868347167964, 0.5687914371490479, -0.5105627536773683, -26.067432544261703, True], 34] 
[[0.30282087326049806, 0.05822868347167964, 0.24459218978881841, 5.982533930568936, True], 34] 
[[0.3072367668151856, 0.30282087326049806, 0.004415893554687522, 0.00195001158863308, True], 34] 
[[0.5576029777526855, 0.3072367668151856, 0.25036621093749994, 6.268323957920072, True], 34] 
[[0.5767398834228515, 0.5576029777526855, 0.019136905670166016, 0.03662211586288322, True], 34] 
[[0.5904886722564697, 0.5767398834228515, 0.013748788833618186, 0.018902919439142414, True], 34] 
[[0.5897650241851807, 0.5904886722564697, -0.0007236480712889959, -5.2366653108028366e-05, True], 34] 
[[0.3278034210205078, 0.5897650241851807, -0.26196160316467293, -6.862388153260558, True], 34] 
[[0.3178660869598388, 0.3278034210205078, -0.00993733406066899, -0.009875060823333203, True], 34] 
[[0.3238430023193359, 0.3178660869598388, 0.00597691535949707, 0.0035723517214591993, True], 34] 
[[0.3250496387481689, 0.3238430023193359, 0.0012066364288330078, -0.5, False], 34] 
[[0.32987289428710936, 0.3250496387481689, 0.004823255538940474, 0.0023263793993919964, True], 34] 
[[0.33207511901855463, 0.32987289428710936, 0.002202224731445268, 0.0004849793767789183, True], 34] 
[[0.334245491027832, 0.33207511901855463, 0.002170372009277388, 0.00047105146586547673, True], 34] 
[[0.5831440925598145, 0.334245491027832, 0.24889860153198246, 6.195051384457658, True], 34] 
[[0.5743293762207031, 0.5831440925598145, -0.00881471633911135, -0.0077699224138996605, True], 34] 
[[0.6016668796539307, 0.5743293762207031, 0.027337503433227606, 0.07473390939617311, True], 34] 
[[0.5970602989196777, 0.6016668796539307, -0.0046065807342530185, -0.002122058606119108, True], 33] 
[[0.6102904319763184, 0.5970602989196777, 0.01323013305664067, 0.01750364206964162, True], 34] 
[[0.6118511676788331, 0.6102904319763184, 0.0015607357025146928, 0.00024358959331040317, True], 32] 
[[0.614683198928833, 0.6118511676788331, 0.002832031249999978, 0.0008020401000976437, True], 33] 
[[-0.21520467996597292, -0.21520467996597292, 0.0, 0.0, True], 33] 
[[-0.22074685096740726, -0.21520467996597292, -0.005542171001434337, -0.0030715659409139683, True], 35] 
[[-0.22373110055923465, -0.22074685096740726, -0.002984249591827387, -0.0008905745626321926, True], 35] 
[[0.0436225891113281, -0.22373110055923465, 0.2673536896705627, 7.147799538046357, True], 35] 
[[0.04180996417999261, 0.0436225891113281, -0.0018126249313354936, -0.0003285609141699003, True], 35] 
[[0.5459322929382324, 0.04180996417999261, 0.5041223287582398, 25.413932235263086, True], 35] 
[[0.5715196609497071, 0.5459322929382324, 0.025587368011474654, 0.06547134017546363, True], 35] 
[[0.5789776802062988, 0.5715196609497071, 0.00745801925659173, 0.005562205123169306, True], 35] 
[[0.5853315353393554, 0.5789776802062988, 0.006353855133056641, 0.004037147505187022, True], 35] 
[[0.5852366924285889, 0.5853315353393554, -9.484291076655715e-05, -8.995177722673123e-07, True], 35] 
[[0.6013392448425293, 0.5852366924285889, 0.01610255241394043, 0.025929219424369876, True], 35] 
[[0.6023030281066895, 0.6013392448425293, 0.000963783264160134, 9.288781802751627e-05, True], 35] 
[[0.6114006996154785, 0.6023030281066895, 0.00909767150878904, 0.008276762688183186, True], 34] 
[[0.6177998542785644, 0.6114006996154785, 0.0063991546630859375, 0.00409491804020945, True], 33] 
[[0.5997961521148681, 0.6177998542785644, -0.01800370216369629, -0.032413329159908244, True], 35] 
[[0.6029212474822998, 0.5997961521148681, 0.003125095367431663, 0.000976622105554284, True], 35] 
[[0.5987643241882324, 0.6029212474822998, -0.004156923294067361, -0.0017280011272759836, True], 35] 
[[0.6046269416809082, 0.5987643241882324, 0.0058626174926758035, 0.0034370283865428324, True], 35] 
[[0.6176855087280274, 0.6046269416809082, 0.013058567047119163, 0.01705261733241065, True], 35] 
[[0.857919979095459, 0.6176855087280274, 0.24023447036743162, 5.771260075272039, True], 35] 
[[-0.21520467996597292, -0.21520467996597292, 0.0, 0.0, True], 35] 
[[0.02461252212524412, -0.21520467996597292, 0.23981720209121704, 5.7512290418859635, True], 35] 
[[0.28463244438171387, 0.02461252212524412, 0.26001992225646975, 6.761035997026056, True], 35] 
[[0.0361728191375732, 0.28463244438171387, -0.24845962524414067, -6.173218537645882, True], 35] 
[[0.274050235748291, 0.0361728191375732, 0.23787741661071782, 5.658566533338901, True], 35] 
[[0.28743410110473633, 0.274050235748291, 0.013383865356445312, 0.0179127851879457, True], 35] 
[[0.03804042339324948, 0.28743410110473633, -0.24939367771148685, -6.219720648246097, True], 35] 
[[0.03736033439636227, 0.03804042339324948, -0.000680088996887207, -4.625210436870475e-05, True], 35] 
[[0.32013826370239257, 0.03736033439636227, 0.2827779293060303, 7.9963357302606255, True], 35] 
[[0.5551539421081543, 0.32013826370239257, 0.2350156784057617, 5.5232369096520415, True], 35] 
[[0.5664617538452149, 0.5551539421081543, 0.011307811737060636, 0.012786660628080627, True], 35] 
[[0.5756160736083985, 0.5664617538452149, 0.009154319763183594, 0.008380157032661373, True], 35] 
[[0.5915186405181885, 0.5756160736083985, 0.015902566909789972, 0.0252891634320347, True], 35] 
[[0.5952929973602296, 0.5915186405181885, 0.0037743568420410822, 0.0014245769571062331, True], 34] 
[[0.5706023216247559, 0.5952929973602296, -0.024690675735473677, -0.060962946827430864, True], 34] 
[[0.5947577476501466, 0.5706023216247559, 0.02415542602539067, 0.05834846064681209, True], 34] 
[[0.5952980518341064, 0.5947577476501466, 0.0005403041839598943, 2.919286112045673e-05, True], 34] 
[[0.5865458488464356, 0.5952980518341064, -0.008752202987670876, -0.007660105713739501, True], 34] 
[[0.8547740936279297, 0.5865458488464356, 0.2682282447814941, 7.194639129856111, True], 35] 
[[-0.21520467996597292, -0.21520467996597292, 0.0, 0.0, True], 35] 
[[-0.24155496358871462, -0.21520467996597292, -0.026350283622741694, -0.06943374469989291, True], 34] 
[[0.013897967338561967, -0.24155496358871462, 0.2554529309272766, 6.5256199919335955, True], 35] 
[[0.027782201766967718, 0.013897967338561967, 0.01388423442840575, 0.019277196566292756, True], 35] 
[[0.034780740737914984, 0.027782201766967718, 0.006998538970947266, 0.004897954772786761, True], 35] 
[[0.03966507911682127, 0.034780740737914984, 0.004884338378906283, 0.002385676139965686, True], 35] 
[[-0.2370659947395325, 0.03966507911682127, -0.27673107385635376, -7.658008723769072, True], 34] 
[[0.056348705291748014, -0.2370659947395325, 0.2934147000312805, 8.609218619444633, True], 35] 
[[0.3030693054199219, 0.056348705291748014, 0.24672060012817387, 6.0871054527606265, True], 35] 
[[0.329140043258667, 0.3030693054199219, 0.02607073783874514, 0.06796833714565775, True], 35] 
[[0.33959097862243653, 0.329140043258667, 0.010450935363769509, 0.010922204997768812, True], 35] 
[[0.3395545959472656, 0.33959097862243653, -3.638267517092064e-05, -1.3236990525927254e-07, True], 35] 
[[0.8493754386901855, 0.3395545959472656, 0.5098208427429198, 25.991729169510098, True], 35] 
[[-0.21520467996597292, -0.21520467996597292, 0.0, 0.0, True], 35] 
[[-0.22235380411148073, -0.21520467996597292, -0.007149124145507807, -0.005110997604788273, True], 34] 
[[0.27736520767211914, -0.22235380411148073, 0.4997190117835999, 24.97190907379776, True], 35] 
[[0.27410182952880857, 0.27736520767211914, -0.003263378143310569, -0.0010649636906237138, True], 35] 
[[0.30667476654052733, 0.27410182952880857, 0.03257293701171876, 0.10609962255693979, True], 35] 
[[0.3041679382324219, 0.30667476654052733, -0.0025068283081054465, -0.0006284188166318815, True], 35] 
[[0.31874876022338866, 0.3041679382324219, 0.014580821990966775, 0.02126003699322603, True], 35] 
[[0.3081780910491943, 0.31874876022338866, -0.010570669174194358, -0.011173904679026283, True], 35] 
[[0.57984619140625, 0.3081780910491943, 0.27166810035705574, 7.380355675161131, True], 35] 
[[0.5888891220092773, 0.57984619140625, 0.0090429306030273, 0.008177459389116768, True], 35] 
[[0.5914817810058594, 0.5888891220092773, 0.002592658996582009, 0.000672188067255763, True], 35] 
[[0.6075114727020264, 0.5914817810058594, 0.01602969169616708, 0.025695101587416787, True], 35] 
[[0.6020426750183105, 0.6075114727020264, -0.005468797683715887, -0.002990774810541625, True], 35] 
[[0.6165528774261475, 0.6020426750183105, 0.014510202407836958, 0.021054597391639746, True], 35] 
[[0.6184566974639892, 0.6165528774261475, 0.0019038200378417303, 0.0003624530736487687, True], 34] 
[[0.6053022384643555, 0.6184566974639892, -0.013154458999633745, -0.01730397915730452, True], 34] 
[[0.6103268623352051, 0.6053022384643555, 0.005024623870849565, 0.0025246845043511265, True], 34] 
[[0.6166210174560547, 0.6103268623352051, 0.006294155120849632, 0.003961638868531764, True], 34] 
[[0.6171713829040527, 0.6166210174560547, 0.0005503654479980247, 3.029021263500664e-05, True], 34] 
[[0.3428177356719971, 0.6171713829040527, -0.27435364723205563, -7.526992374953122, True], 33] 
[[0.3290768623352051, 0.3428177356719971, -0.01374087333679197, -0.018881160005776047, True], 33] 
[[0.3315849304199218, 0.3290768623352051, 0.002508068084716708, 0.0006290405517574536, True], 34] 
[[0.3320923805236817, 0.3315849304199218, 0.0005074501037598544, 2.5750560780588706e-05, True], 34] 
[[0.3287779331207275, 0.3320923805236817, -0.003314447402954168, -0.001098556158694963, True], 34] 
[[0.3285041332244873, 0.3287779331207275, -0.00027379989624021217, -7.4966383181150955e-06, True], 34] 
[[0.3337676525115966, 0.3285041332244873, 0.005263519287109331, 0.0027704635285771915, True], 34] 
[[0.3311315536499024, 0.3337676525115966, -0.002636098861694247, -0.0006949017208625705, True], 34] 
[[0.3304513931274414, 0.3311315536499024, -0.0006801605224610041, -4.6261833631442606e-05, True], 34] 
[[0.5991387367248535, 0.3304513931274414, 0.26868734359741214, 7.219288860943382, True], 34] 
[[0.611713171005249, 0.5991387367248535, 0.012574434280395508, 0.01581163974719857, True], 34] 
[[0.6035775661468507, 0.611713171005249, -0.008135604858398371, -0.006618806641199518, True], 34] 
[[-0.21520467996597292, -0.21520467996597292, 0.0, 0.0, True], 34] 
[[-0.21967241764068607, -0.21520467996597292, -0.004467737674713146, -0.001996067993005123, True], 35] 
[[0.04004297256469724, -0.21967241764068607, 0.2597153902053833, 6.745208390953451, True], 35] 
[[0.29646434783935544, 0.04004297256469724, 0.2564213752746582, 6.575192169774709, True], 35] 
[[0.28483953475952145, 0.29646434783935544, -0.011624813079833984, -0.013513627914107929, True], 35] 
[[0.2611565589904785, 0.28483953475952145, -0.023682975769042935, -0.05608833412770748, True], 35] 
[[0.3047571182250976, 0.2611565589904785, 0.043600559234619085, 0.19010087655715277, True], 34] 
[[0.5535170078277588, 0.3047571182250976, 0.2487598896026612, 6.18814826751282, True], 34] 
[[0.554709005355835, 0.5535170078277588, 0.001191997528076194, 0.0001420858106939757, True], 34] 
[[0.5806190967559814, 0.554709005355835, 0.02591009140014644, 0.06713328363639424, True], 34] 
[[0.5802961349487304, 0.5806190967559814, -0.00032296180725099877, -1.0430432894283129e-05, True], 34] 
[[0.33182916641235355, 0.5802961349487304, -0.2484669685363769, -6.173583445365692, True], 34] 
[[0.3303371906280517, 0.33182916641235355, -0.0014919757843018244, -0.0002225991740943044, True], 34] 
[[0.32590804100036624, 0.3303371906280517, -0.00442914962768548, -0.001961736642442643, True], 33] 
[[0.5759358882904053, 0.32590804100036624, 0.2500278472900391, 6.251392442049109, True], 33] 
[[0.5822074890136719, 0.5759358882904053, 0.0062716007232666016, 0.003933297563207816, True], 33] 
[[0.8382842063903808, 0.5822074890136719, 0.2560767173767089, 6.5575285182430845, True], 32] 
[[-0.21557520627975466, -0.21557520627975466, 0.0, 0.0, True], 32] 
[[-0.23759312629699708, -0.21557520627975466, -0.022017920017242426, -0.04847888018856847, True], 35] 
[[0.025435161590576127, -0.23759312629699708, 0.2630282878875732, 6.918388022906808, True], 35] 
[[0.2875816345214844, 0.025435161590576127, 0.26214647293090826, 6.872077327011541, True], 35] 
[[0.04087448120117182, 0.2875816345214844, -0.24670715332031257, -6.086441949941222, True], 35] 
[[0.29083313941955563, 0.04087448120117182, 0.2499586582183838, 6.24793308183348, True], 35] 
[[0.2942811965942383, 0.29083313941955563, 0.0034480571746826616, 0.0011889098279880578, True], 35] 
[[0.3003397941589356, 0.2942811965942383, 0.006058597564697288, 0.0036706604450955907, True], 35] 
[[0.29997572898864744, 0.3003397941589356, -0.00036406517028814145, -1.3254344821693343e-05, True], 35] 
[[0.3229714393615723, 0.29997572898864744, 0.02299571037292486, 0.0528802695555444, True], 35] 
[[0.5707338809967041, 0.3229714393615723, 0.24776244163513178, 6.138622748500209, True], 35] 
[[0.5681154251098633, 0.5707338809967041, -0.0026184558868407315, -0.0006856311231330882, True], 35] 
[[0.3294017314910888, 0.5681154251098633, -0.23871369361877454, -5.698422752111816, True], 35] 
[[0.06529393196105954, 0.3294017314910888, -0.2641077995300293, -6.975292977259414, True], 35] 
[[0.06624164581298825, 0.06529393196105954, 0.0009477138519287109, 8.981615451375546e-05, True], 35] 
[[0.062190341949462824, 0.06624164581298825, -0.004051303863525424, -0.0016413062994616026, True], 35] 
[[0.06417322158813471, 0.062190341949462824, 0.001982879638671886, 0.00039318116614595495, True], 35] 
[[0.06454863548278805, 0.06417322158813471, 0.0003754138946533425, 1.4093559229879095e-05, True], 34] 
[[0.566247034072876, 0.06454863548278805, 0.501698398590088, 25.170128314785888, True], 34] 
[[0.5911766529083252, 0.566247034072876, 0.024929618835449197, 0.062148589528078335, True], 34] 
[[0.341685676574707, 0.5911766529083252, -0.24949097633361822, -6.224574727190204, True], 34] 
[[0.5821675777435303, 0.341685676574707, 0.24048190116882334, 5.783154478977171, True], 34] 
[[0.5893176078796387, 0.5821675777435303, 0.007150030136108376, 0.005112293094725796, True], 34] 
[[0.3349229335784912, 0.5893176078796387, -0.25439467430114754, -6.471665031278694, True], 34] 
[[0.33018445968627924, 0.3349229335784912, -0.004738473892211936, -0.002245313482717414, True], 34] 
[[0.3252981185913086, 0.33018445968627924, -0.004886341094970659, -0.0023876329296399056, True], 34] 
[[0.5689687728881836, 0.3252981185913086, 0.243670654296875, 5.937538776546717, True], 34] 
[[0.3266185283660889, 0.5689687728881836, -0.2423502445220947, -5.873364101991909, True], 34] 
[[0.3263396263122558, 0.3266185283660889, -0.0002789020538330744, -7.778635563230714e-06, True], 34] 
[[0.560274600982666, 0.3263396263122558, 0.2339349746704102, 5.472557237404546, True], 34] 
[[0.5650962829589844, 0.560274600982666, 0.004821681976318382, 0.0023248617080753532, True], 34] 
[[-0.21557520627975466, -0.21557520627975466, 0.0, 0.0, True], 34] 
[[-0.22158311605453493, -0.21557520627975466, -0.0060079097747802734, -0.0036094979861900356, True], 34] 
[[0.27748622894287106, -0.22158311605453493, 0.49906934499740596, 24.907021111613986, True], 35] 
[[0.2824512958526611, 0.27748622894287106, 0.004965066909790039, 0.002465188941869201, True], 35] 
[[-0.21637511253356936, 0.2824512958526611, -0.4988264083862305, -24.882778570350638, True], 35] 
[[0.026334619522094704, -0.21637511253356936, 0.24270973205566407, 5.890801403453224, True], 35] 
[[0.2759366035461426, 0.026334619522094704, 0.24960198402404787, 6.230115042874104, True], 35] 
[[0.026806735992431607, 0.2759366035461426, -0.24912986755371097, -6.206569090732957, True], 35] 
[[0.27619118690490724, 0.026806735992431607, 0.24938445091247563, 6.219260435691696, True], 35] 
[[0.2925288200378418, 0.27619118690490724, 0.01633763313293457, 0.026691825638636146, True], 35] 
[[0.043607687950134255, 0.2925288200378418, -0.24892113208770755, -6.196172999982595, True], 35] 
[[0.31279244422912594, 0.043607687950134255, 0.2691847562789917, 7.246043301298016, True], 35] 
[[0.3158556938171387, 0.31279244422912594, 0.0030632495880127397, 0.000938349803846022, True], 35] 
[[0.31078596115112306, 0.3158556938171387, -0.005069732666015625, -0.0025702189304865897, True], 35] 
[[0.33215813636779784, 0.31078596115112306, 0.021372175216674782, 0.045676987349224776, True], 34] 
[[0.5757330417633056, 0.33215813636779784, 0.2435749053955078, 5.932873453843058, True], 34] 
[[0.3475914478302002, 0.5757330417633056, -0.22814159393310546, -5.204858688233799, True], 34] 
[[0.3437277317047119, 0.3475914478302002, -0.0038637161254883035, -0.0014928302298358347, True], 34] 
[[0.339498233795166, 0.3437277317047119, -0.004229497909545854, -0.001788865256685275, True], 34] 
[[0.6189782619476318, 0.339498233795166, 0.2794800281524658, 7.810908613610309, True], 34] 
[[0.6111369132995605, 0.6189782619476318, -0.007841348648071289, -0.006148674862060943, True], 34] 
[[0.6162896156311035, 0.6111369132995605, 0.005152702331542969, 0.0026550341317488346, True], 34] 
[[0.6127279281616211, 0.6162896156311035, -0.0035616874694823775, -0.0012685617630267781, True], 34] 
[[0.6033555030822754, 0.6127279281616211, -0.00937242507934577, -0.008784235186794956, True], 34] 
[[0.5960114479064942, 0.6033555030822754, -0.007344055175781183, -0.005393514642491839, True], 34] 
[[0.5900904655456544, 0.5960114479064942, -0.0059209823608398215, -0.0035058032117376305, True], 34] 
[[0.849790382385254, 0.5900904655456544, 0.2596999168395996, 6.744404680649495, True], 34] 
[[-0.21520467996597292, -0.21520467996597292, 0.0, 0.0, True], 34] 
[[-0.2223906755447388, -0.21520467996597292, -0.007185995578765869, -0.005163853245804262, True], 35] 
[[0.2828979969024658, -0.2223906755447388, 0.5052886724472045, 25.53166425034584, True], 34] 
[[0.03917465209960935, 0.2828979969024658, -0.24372334480285646, -5.940106880189205, True], 34] 
[[0.5458944797515869, 0.03917465209960935, 0.5067198276519775, 25.676498373564982, True], 34] 
[[0.5374541282653809, 0.5458944797515869, -0.008440351486206032, -0.007123953321070038, True], 34] 
[[0.05631780624389643, 0.5374541282653809, -0.48113632202148443, -23.149216036836158, True], 35] 
[[0.05110757350921624, 0.05631780624389643, -0.005210232734680187, -0.002714652514953298, True], 34] 
[[0.2899050235748291, 0.05110757350921624, 0.23879745006561287, 5.702422215783888, True], 34] 
[[0.5425314903259277, 0.2899050235748291, 0.2526264667510986, 6.382013170314394, True], 34] 
[[0.3151450157165527, 0.5425314903259277, -0.22738647460937506, -5.170460883527996, True], 34] 
[[0.5695754051208496, 0.3151450157165527, 0.2544303894042969, 6.473482305242217, True], 34] 
[[0.32103700637817384, 0.5695754051208496, -0.24853839874267575, -6.1771335649573285, True], 34] 
[[0.5754594802856445, 0.32103700637817384, 0.2544224739074707, 6.473079522919761, True], 33] 
[[0.5662549018859864, 0.5754594802856445, -0.009204578399658159, -0.008472426351545355, True], 32] 
[[0.3082620620727539, 0.5662549018859864, -0.25799283981323246, -6.656030539489623, True], 32] 
[[0.06449680328369134, 0.3082620620727539, -0.24376525878906258, -5.942150139249866, True], 32] 
[[0.062292695045471136, 0.06449680328369134, -0.0022041082382202037, -0.00048580931257901706, True], 34] 
[[0.3260295867919922, 0.062292695045471136, 0.26373689174652104, 6.955714806811616, True], 34] 
[[0.579156494140625, 0.3260295867919922, 0.2531269073486328, 6.407323122388334, True], 33] 
[[0.5743428707122803, 0.579156494140625, -0.004813623428344682, -0.002317097050990881, True], 33] 
[[0.5987993717193604, 0.5743428707122803, 0.024456501007080078, 0.05981204415093089, True], 33] 
[[0.5926273822784424, 0.5987993717193604, -0.006171989440918013, -0.0038093453658803447, True], 33] 
[[0.5988185405731201, 0.5926273822784424, 0.006191158294677757, 0.0038330441029757185, True], 33] 
[[0.5994698524475098, 0.5988185405731201, 0.000651311874389715, 4.24207157721044e-05, True], 34] 
[[0.5932219505310059, 0.5994698524475098, -0.0062479019165039285, -0.0039036278358253462, True], 34] 
[[0.5729470252990723, 0.5932219505310059, -0.020274925231933638, -0.04110725931604993, True], 34] 
[[0.569519329071045, 0.5729470252990723, -0.0034276962280272993, -0.0011749101431632577, True], 34] 
[[0.3150701522827148, 0.569519329071045, -0.2544491767883302, -6.47443835682589, True], 34] 
[[0.3235013961791992, 0.3150701522827148, 0.00843124389648442, 0.007108587364200577, True], 34] 
[[0.3170736312866211, 0.3235013961791992, -0.006427764892578125, -0.0041316161514259875, True], 34] 
[[-0.21520467996597292, -0.21520467996597292, 0.0, 0.0, True], 34] 
[[0.030793094635009732, -0.21520467996597292, 0.24599777460098265, 6.051490510863587, True], 35] 
[[0.30925731658935546, 0.030793094635009732, 0.2784642219543457, 7.754232290863911, True], 34] 
[[0.5549148082733154, 0.30925731658935546, 0.24565749168395995, 6.034760322045486, True], 34] 
[[0.3081096172332764, 0.5549148082733154, -0.246805191040039, -6.091280232431016, True], 34] 
[[0.8316068649291992, 0.3081096172332764, 0.5234972476959228, 27.40493683452063, True], 34] 
[[-0.21557520627975466, -0.21557520627975466, 0.0, 0.0, True], 34] 
[[0.02130022048950192, -0.21557520627975466, 0.23687542676925658, 5.610996780711744, True], 35] 
[[0.28658409118652345, 0.02130022048950192, 0.26528387069702153, 7.037553205199404, True], 34] 
[[0.29625768661499025, 0.28658409118652345, 0.009673595428466797, 0.009357844851365371, True], 34] 
[[0.03909862041473383, 0.29625768661499025, -0.2571590662002564, -6.613078532898787, True], 34] 
[[0.3066508769989013, 0.03909862041473383, 0.2675522565841675, 7.158421000328019, True], 34] 
[[0.3194564819335937, 0.3066508769989013, 0.012805604934692405, 0.016398351774341846, True], 34] 
[[0.3198627471923828, 0.3194564819335937, 0.0004062652587890625, 1.6505146049894392e-05, True], 34] 
[[0.3272985935211182, 0.3198627471923828, 0.007435846328735396, 0.0055291810624567665, True], 35] 
[[0.32658071517944337, 0.3272985935211182, -0.0007178783416748047, -5.153493134457676e-05, True], 35] 
