[5, 4, 0.8, [0, 0]] 
[5, 4, 0.8, [1, 1]] 
[5, 3, 0.6, [2, 2]] 
[5, 4, 0.8, [3, 3]] 
[5, 3, 0.6, [4, 4]] 
[5, 3, 0.6, [5, 5]] 
[5, 2, 0.4, [6, 6]] 
[5, 3, 0.6, [7, 7]] 
[5, 3, 0.6, [8, 8]] 
[5, 3, 0.6, [9, 9]] 
[5, 3, 0.6, [10, 10]] 
[5, 2, 0.4, [11, 11]] 
[5, 2, 0.4, [12, 12]] 
[5, 2, 0.4, [13, 13]] 
[5, 2, 0.4, [14, 14]] 
[5, 2, 0.4, [15, 15]] 
[5, 2, 0.4, [16, 16]] 
[5, 1, 0.2, [17, 17]] 
[5, 1, 0.2, [18, 18]] 
[5, 1, 0.2, [19, 19]] 
[5, 1, 0.2, [20, 20]] 
[5, 1, 0.2, [21, 21]] 
[5, 2, 0.4, [22, 22]] 
[5, 2, 0.4, [23, 23]] 
[5, 2, 0.4, [24, 24]] 
[5, 1, 0.2, [25, 25]] 
[5, 1, 0.2, [26, 26]] 
[5, 1, 0.2, [27, 27]] 
[5, 1, 0.2, [28, 28]] 
[5, 1, 0.2, [29, 29]] 
[5, 1, 0.2, [30, 30]] 
[5, 4, 0.8, [31, 0]] 
[5, 3, 0.6, [32, 1]] 
[5, 2, 0.4, [33, 2]] 
[5, 2, 0.4, [34, 3]] 
[5, 2, 0.4, [35, 4]] 
[5, 3, 0.6, [36, 5]] 
[5, 2, 0.4, [37, 6]] 
[5, 2, 0.4, [38, 7]] 
[5, 2, 0.4, [39, 8]] 
[5, 1, 0.2, [40, 9]] 
[5, 1, 0.2, [41, 10]] 
[5, 1, 0.2, [42, 11]] 
[5, 2, 0.4, [43, 12]] 
[5, 3, 0.6, [44, 13]] 
[5, 2, 0.4, [45, 14]] 
[5, 1, 0.2, [46, 15]] 
[5, 2, 0.4, [47, 16]] 
[5, 1, 0.2, [48, 17]] 
[5, 2, 0.4, [49, 18]] 
[5, 2, 0.4, [50, 19]] 
[5, 1, 0.2, [51, 20]] 
[5, 1, 0.2, [52, 21]] 
[5, 1, 0.2, [53, 22]] 
[5, 1, 0.2, [54, 23]] 
[5, 1, 0.2, [55, 24]] 
[5, 1, 0.2, [56, 25]] 
[5, 1, 0.2, [57, 26]] 
[5, 1, 0.2, [58, 27]] 
[5, 1, 0.2, [59, 28]] 
[5, 1, 0.2, [60, 29]] 
[5, 1, 0.2, [61, 30]] 
[5, 4, 0.8, [62, 0]] 
[5, 4, 0.8, [63, 1]] 
[5, 3, 0.6, [64, 2]] 
[5, 1, 0.2, [65, 3]] 
[5, 2, 0.4, [66, 4]] 
[5, 1, 0.2, [67, 5]] 
[5, 1, 0.2, [68, 6]] 
[5, 2, 0.4, [69, 7]] 
[5, 2, 0.4, [70, 8]] 
[5, 2, 0.4, [71, 9]] 
[5, 3, 0.6, [72, 10]] 
[5, 3, 0.6, [73, 11]] 
[5, 1, 0.2, [74, 12]] 
[5, 0, 0.0, [75, 13]] 
[5, 4, 0.8, [76, 0]] 
[5, 4, 0.8, [77, 1]] 
[5, 3, 0.6, [78, 2]] 
[5, 2, 0.4, [79, 3]] 
[5, 2, 0.4, [80, 4]] 
[5, 2, 0.4, [81, 5]] 
[5, 2, 0.4, [82, 6]] 
[5, 2, 0.4, [83, 7]] 
[5, 3, 0.6, [84, 8]] 
[5, 3, 0.6, [85, 9]] 
[5, 3, 0.6, [86, 10]] 
[5, 2, 0.4, [87, 11]] 
[5, 1, 0.2, [88, 12]] 
[5, 1, 0.2, [89, 13]] 
[5, 1, 0.2, [90, 14]] 
[5, 2, 0.4, [91, 15]] 
[5, 2, 0.4, [92, 16]] 
[5, 1, 0.2, [93, 17]] 
[5, 1, 0.2, [94, 18]] 
[5, 1, 0.2, [95, 19]] 
[5, 2, 0.4, [96, 20]] 
[5, 2, 0.4, [97, 21]] 
[5, 1, 0.2, [98, 22]] 
[5, 1, 0.2, [99, 23]] 
[5, 1, 0.2, [100, 24]] 
[5, 1, 0.2, [101, 25]] 
[5, 1, 0.2, [102, 26]] 
[5, 1, 0.2, [103, 27]] 
[5, 1, 0.2, [104, 28]] 
[5, 1, 0.2, [105, 29]] 
[5, 1, 0.2, [106, 30]] 
[5, 4, 0.8, [107, 0]] 
[5, 3, 0.6, [108, 1]] 
[5, 3, 0.6, [109, 2]] 
[5, 2, 0.4, [110, 3]] 
[5, 2, 0.4, [111, 4]] 
[5, 3, 0.6, [112, 5]] 
[5, 1, 0.2, [113, 6]] 
[5, 1, 0.2, [114, 7]] 
[5, 2, 0.4, [115, 8]] 
[5, 0, 0.0, [116, 9]] 
[5, 4, 0.8, [117, 0]] 
[5, 4, 0.8, [118, 1]] 
[5, 2, 0.4, [119, 2]] 
[5, 4, 0.8, [120, 3]] 
[5, 3, 0.6, [121, 4]] 
[5, 2, 0.4, [122, 5]] 
[5, 3, 0.6, [123, 6]] 
[5, 3, 0.6, [124, 7]] 
[5, 3, 0.6, [125, 8]] 
[5, 3, 0.6, [126, 9]] 
[5, 2, 0.4, [127, 10]] 
[5, 2, 0.4, [128, 11]] 
[5, 1, 0.2, [129, 12]] 
[5, 2, 0.4, [130, 13]] 
[5, 1, 0.2, [131, 14]] 
[5, 0, 0.0, [132, 15]] 
[5, 4, 0.8, [133, 0]] 
[5, 3, 0.6, [134, 1]] 
[5, 3, 0.6, [135, 2]] 
[5, 3, 0.6, [136, 3]] 
[5, 2, 0.4, [137, 4]] 
[5, 1, 0.2, [138, 5]] 
[5, 2, 0.4, [139, 6]] 
[5, 0, 0.0, [140, 7]] 
[5, 4, 0.8, [141, 0]] 
[5, 4, 0.8, [142, 1]] 
[5, 2, 0.4, [143, 2]] 
[5, 3, 0.6, [144, 3]] 
[5, 3, 0.6, [145, 4]] 
[5, 3, 0.6, [146, 5]] 
[5, 3, 0.6, [147, 6]] 
[5, 2, 0.4, [148, 7]] 
[5, 2, 0.4, [149, 8]] 
[5, 2, 0.4, [150, 9]] 
[5, 1, 0.2, [151, 10]] 
[5, 1, 0.2, [152, 11]] 
[5, 2, 0.4, [153, 12]] 
[5, 1, 0.2, [154, 13]] 
[5, 1, 0.2, [155, 14]] 
[5, 1, 0.2, [156, 15]] 
[5, 1, 0.2, [157, 16]] 
[5, 1, 0.2, [158, 17]] 
[5, 2, 0.4, [159, 18]] 
[5, 0, 0.0, [160, 19]] 
[5, 4, 0.8, [161, 0]] 
[5, 4, 0.8, [162, 1]] 
[5, 3, 0.6, [163, 2]] 
[5, 2, 0.4, [164, 3]] 
[5, 2, 0.4, [165, 4]] 
[5, 3, 0.6, [166, 5]] 
[5, 3, 0.6, [167, 6]] 
[5, 3, 0.6, [168, 7]] 
[5, 3, 0.6, [169, 8]] 
[5, 3, 0.6, [170, 9]] 
[5, 3, 0.6, [171, 10]] 
[5, 2, 0.4, [172, 11]] 
[5, 1, 0.2, [173, 12]] 
[5, 2, 0.4, [174, 13]] 
[5, 1, 0.2, [175, 14]] 
[5, 1, 0.2, [176, 15]] 
[5, 1, 0.2, [177, 16]] 
[5, 2, 0.4, [178, 17]] 
[5, 1, 0.2, [179, 18]] 
[5, 1, 0.2, [180, 19]] 
[5, 1, 0.2, [181, 20]] 
[5, 0, 0.0, [182, 21]] 
[5, 4, 0.8, [183, 0]] 
[5, 2, 0.4, [184, 1]] 
[5, 3, 0.6, [185, 2]] 
[5, 2, 0.4, [186, 3]] 
[5, 3, 0.6, [187, 4]] 
[5, 2, 0.4, [188, 5]] 
[5, 2, 0.4, [189, 6]] 
[5, 3, 0.6, [190, 7]] 
[5, 2, 0.4, [191, 8]] 
[5, 2, 0.4, [192, 9]] 
[5, 3, 0.6, [193, 10]] 
[5, 3, 0.6, [194, 11]] 
[5, 1, 0.2, [195, 12]] 
[5, 1, 0.2, [196, 13]] 
[5, 1, 0.2, [197, 14]] 
[5, 1, 0.2, [198, 15]] 
[5, 1, 0.2, [199, 16]] 
[5, 1, 0.2, [200, 17]] 
[5, 2, 0.4, [201, 18]] 
[5, 1, 0.2, [202, 19]] 
[5, 1, 0.2, [203, 20]] 
[5, 1, 0.2, [204, 21]] 
[5, 1, 0.2, [205, 22]] 
[5, 1, 0.2, [206, 23]] 
[5, 1, 0.2, [207, 24]] 
[5, 2, 0.4, [208, 25]] 
[5, 2, 0.4, [209, 26]] 
[5, 1, 0.2, [210, 27]] 
[5, 2, 0.4, [211, 28]] 
[5, 1, 0.2, [212, 29]] 
[5, 1, 0.2, [213, 30]] 
[5, 4, 0.8, [214, 0]] 
[5, 2, 0.4, [215, 1]] 
[5, 2, 0.4, [216, 2]] 
[5, 2, 0.4, [217, 3]] 
[5, 2, 0.4, [218, 4]] 
[5, 2, 0.4, [219, 5]] 
[5, 3, 0.6, [220, 6]] 
[5, 0, 0.0, [221, 7]] 
[5, 4, 0.8, [222, 0]] 
[5, 3, 0.6, [223, 1]] 
[5, 3, 0.6, [224, 2]] 
[5, 3, 0.6, [225, 3]] 
[5, 3, 0.6, [226, 4]] 
[5, 2, 0.4, [227, 5]] 
[5, 3, 0.6, [228, 6]] 
[5, 2, 0.4, [229, 7]] 
[5, 2, 0.4, [230, 8]] 
[5, 2, 0.4, [231, 9]] 
[5, 2, 0.4, [232, 10]] 
[5, 2, 0.4, [233, 11]] 
[5, 1, 0.2, [234, 12]] 
[5, 2, 0.4, [235, 13]] 
[5, 1, 0.2, [236, 14]] 
[5, 0, 0.0, [237, 15]] 
[5, 4, 0.8, [238, 0]] 
[5, 3, 0.6, [239, 1]] 
[5, 2, 0.4, [240, 2]] 
[5, 2, 0.4, [241, 3]] 
[5, 2, 0.4, [242, 4]] 
[5, 1, 0.2, [243, 5]] 
[5, 1, 0.2, [244, 6]] 
[5, 2, 0.4, [245, 7]] 
[5, 2, 0.4, [246, 8]] 
[5, 0, 0.0, [247, 9]] 
[5, 4, 0.8, [248, 0]] 
[5, 3, 0.6, [249, 1]] 
[5, 3, 0.6, [250, 2]] 
[5, 3, 0.6, [251, 3]] 
[5, 3, 0.6, [252, 4]] 
[5, 3, 0.6, [253, 5]] 
[5, 2, 0.4, [254, 6]] 
[5, 2, 0.4, [255, 7]] 
[5, 2, 0.4, [256, 8]] 
[5, 2, 0.4, [257, 9]] 
[5, 3, 0.6, [258, 10]] 
[5, 3, 0.6, [259, 11]] 
[5, 1, 0.2, [260, 12]] 
[5, 2, 0.4, [261, 13]] 
[5, 2, 0.4, [262, 14]] 
[5, 0, 0.0, [263, 15]] 
[5, 4, 0.8, [264, 0]] 
[5, 4, 0.8, [265, 1]] 
[5, 3, 0.6, [266, 2]] 
[5, 2, 0.4, [267, 3]] 
[5, 3, 0.6, [268, 4]] 
[5, 3, 0.6, [269, 5]] 
[5, 3, 0.6, [270, 6]] 
[5, 3, 0.6, [271, 7]] 
[5, 1, 0.2, [272, 8]] 
[5, 1, 0.2, [273, 9]] 
[5, 2, 0.4, [274, 10]] 
[5, 1, 0.2, [275, 11]] 
[5, 0, 0.0, [276, 12]] 
[5, 4, 0.8, [277, 0]] 
[5, 3, 0.6, [278, 1]] 
[5, 2, 0.4, [279, 2]] 
[5, 2, 0.4, [280, 3]] 
[5, 2, 0.4, [281, 4]] 
[5, 2, 0.4, [282, 5]] 
[5, 2, 0.4, [283, 6]] 
[5, 0, 0.0, [284, 7]] 
[5, 4, 0.8, [285, 0]] 
[5, 3, 0.6, [286, 1]] 
[5, 3, 0.6, [287, 2]] 
[5, 3, 0.6, [288, 3]] 
[5, 3, 0.6, [289, 4]] 
[5, 2, 0.4, [290, 5]] 
[5, 2, 0.4, [291, 6]] 
[5, 2, 0.4, [292, 7]] 
[5, 3, 0.6, [293, 8]] 
[5, 2, 0.4, [294, 9]] 
[5, 3, 0.6, [295, 10]] 
[5, 3, 0.6, [296, 11]] 
[5, 1, 0.2, [297, 12]] 
[5, 0, 0.0, [298, 13]] 
[5, 4, 0.8, [299, 0]] 
[5, 3, 0.6, [300, 1]] 
[5, 3, 0.6, [301, 2]] 
[5, 3, 0.6, [302, 3]] 
[5, 3, 0.6, [303, 4]] 
[5, 3, 0.6, [304, 5]] 
[5, 1, 0.2, [305, 6]] 
[5, 1, 0.2, [306, 7]] 
[5, 1, 0.2, [307, 8]] 
[5, 1, 0.2, [308, 9]] 
[5, 1, 0.2, [309, 10]] 
[5, 0, 0.0, [310, 11]] 
[5, 4, 0.8, [311, 0]] 
[5, 4, 0.8, [312, 1]] 
[5, 4, 0.8, [313, 2]] 
[5, 2, 0.4, [314, 3]] 
[5, 2, 0.4, [315, 4]] 
[5, 2, 0.4, [316, 5]] 
[5, 2, 0.4, [317, 6]] 
[5, 3, 0.6, [318, 7]] 
[5, 3, 0.6, [319, 8]] 
[5, 3, 0.6, [320, 9]] 
[5, 4, 0.8, [321, 10]] 
[5, 4, 0.8, [322, 11]] 
[5, 2, 0.4, [323, 12]] 
[5, 1, 0.2, [324, 13]] 
[5, 2, 0.4, [325, 14]] 
[5, 1, 0.2, [326, 15]] 
[5, 1, 0.2, [327, 16]] 
[5, 1, 0.2, [328, 17]] 
[5, 1, 0.2, [329, 18]] 
[5, 1, 0.2, [330, 19]] 
[5, 1, 0.2, [331, 20]] 
[5, 1, 0.2, [332, 21]] 
[5, 1, 0.2, [333, 22]] 
[5, 1, 0.2, [334, 23]] 
[5, 2, 0.4, [335, 24]] 
[5, 2, 0.4, [336, 25]] 
[5, 1, 0.2, [337, 26]] 
[5, 1, 0.2, [338, 27]] 
[5, 1, 0.2, [339, 28]] 
[5, 1, 0.2, [340, 29]] 
[5, 1, 0.2, [341, 30]] 
[5, 4, 0.8, [342, 0]] 
[5, 2, 0.4, [343, 1]] 
[5, 2, 0.4, [344, 2]] 
[5, 2, 0.4, [345, 3]] 
[5, 2, 0.4, [346, 4]] 
[5, 2, 0.4, [347, 5]] 
[5, 2, 0.4, [348, 6]] 
[5, 2, 0.4, [349, 7]] 
[5, 2, 0.4, [350, 8]] 
[5, 2, 0.4, [351, 9]] 
[5, 1, 0.2, [352, 10]] 
[5, 1, 0.2, [353, 11]] 
[5, 1, 0.2, [354, 12]] 
[5, 1, 0.2, [355, 13]] 
[5, 1, 0.2, [356, 14]] 
[5, 1, 0.2, [357, 15]] 
[5, 1, 0.2, [358, 16]] 
[5, 2, 0.4, [359, 17]] 
[5, 2, 0.4, [360, 18]] 
[5, 2, 0.4, [361, 19]] 
[5, 2, 0.4, [362, 20]] 
[5, 2, 0.4, [363, 21]] 
[5, 2, 0.4, [364, 22]] 
[5, 2, 0.4, [365, 23]] 
[5, 2, 0.4, [366, 24]] 
[5, 2, 0.4, [367, 25]] 
[5, 2, 0.4, [368, 26]] 
[5, 1, 0.2, [369, 27]] 
[5, 1, 0.2, [370, 28]] 
[5, 1, 0.2, [371, 29]] 
[5, 1, 0.2, [372, 30]] 
[5, 4, 0.8, [373, 0]] 
[5, 3, 0.6, [374, 1]] 
[5, 3, 0.6, [375, 2]] 
[5, 3, 0.6, [376, 3]] 
[5, 2, 0.4, [377, 4]] 
[5, 2, 0.4, [378, 5]] 
[5, 2, 0.4, [379, 6]] 
[5, 2, 0.4, [380, 7]] 
[5, 2, 0.4, [381, 8]] 
[5, 1, 0.2, [382, 9]] 
[5, 2, 0.4, [383, 10]] 
[5, 2, 0.4, [384, 11]] 
[5, 2, 0.4, [385, 12]] 
[5, 1, 0.2, [386, 13]] 
[5, 1, 0.2, [387, 14]] 
[5, 1, 0.2, [388, 15]] 
[5, 1, 0.2, [389, 16]] 
[5, 1, 0.2, [390, 17]] 
[5, 1, 0.2, [391, 18]] 
[5, 1, 0.2, [392, 19]] 
[5, 0, 0.0, [393, 20]] 
[5, 4, 0.8, [394, 0]] 
[5, 4, 0.8, [395, 1]] 
[5, 3, 0.6, [396, 2]] 
[5, 2, 0.4, [397, 3]] 
[5, 2, 0.4, [398, 4]] 
[5, 2, 0.4, [399, 5]] 
[5, 3, 0.6, [400, 6]] 
[5, 3, 0.6, [401, 7]] 
[5, 3, 0.6, [402, 8]] 
[5, 2, 0.4, [403, 9]] 
[5, 3, 0.6, [404, 10]] 
[5, 3, 0.6, [405, 11]] 
[5, 2, 0.4, [406, 12]] 
[5, 1, 0.2, [407, 13]] 
[5, 2, 0.4, [408, 14]] 
[5, 1, 0.2, [409, 15]] 
[5, 1, 0.2, [410, 16]] 
[5, 2, 0.4, [411, 17]] 
[5, 1, 0.2, [412, 18]] 
[5, 2, 0.4, [413, 19]] 
[5, 1, 0.2, [414, 20]] 
[5, 2, 0.4, [415, 21]] 
[5, 1, 0.2, [416, 22]] 
[5, 1, 0.2, [417, 23]] 
[5, 0, 0.0, [418, 24]] 
[5, 4, 0.8, [419, 0]] 
[5, 4, 0.8, [420, 1]] 
[5, 4, 0.8, [421, 2]] 
[5, 2, 0.4, [422, 3]] 
[5, 1, 0.2, [423, 4]] 
[5, 1, 0.2, [424, 5]] 
[5, 1, 0.2, [425, 6]] 
[5, 1, 0.2, [426, 7]] 
[5, 1, 0.2, [427, 8]] 
[5, 1, 0.2, [428, 9]] 
[5, 1, 0.2, [429, 10]] 
[5, 1, 0.2, [430, 11]] 
[5, 1, 0.2, [431, 12]] 
[5, 1, 0.2, [432, 13]] 
[5, 1, 0.2, [433, 14]] 
[5, 1, 0.2, [434, 15]] 
[5, 1, 0.2, [435, 16]] 
[5, 1, 0.2, [436, 17]] 
[5, 1, 0.2, [437, 18]] 
[5, 1, 0.2, [438, 19]] 
[5, 1, 0.2, [439, 20]] 
[5, 0, 0.0, [440, 21]] 
[5, 4, 0.8, [441, 0]] 
[5, 4, 0.8, [442, 1]] 
[5, 3, 0.6, [443, 2]] 
[5, 3, 0.6, [444, 3]] 
[5, 2, 0.4, [445, 4]] 
[5, 2, 0.4, [446, 5]] 
[5, 1, 0.2, [447, 6]] 
[5, 1, 0.2, [448, 7]] 
[5, 3, 0.6, [449, 8]] 
[5, 2, 0.4, [450, 9]] 
[5, 2, 0.4, [451, 10]] 
[5, 2, 0.4, [452, 11]] 
[5, 1, 0.2, [453, 12]] 
[5, 1, 0.2, [454, 13]] 
[5, 1, 0.2, [455, 14]] 
[5, 1, 0.2, [456, 15]] 
[5, 1, 0.2, [457, 16]] 
[5, 1, 0.2, [458, 17]] 
[5, 1, 0.2, [459, 18]] 
[5, 0, 0.0, [460, 19]] 
[5, 4, 0.8, [461, 0]] 
[5, 3, 0.6, [462, 1]] 
[5, 2, 0.4, [463, 2]] 
[5, 2, 0.4, [464, 3]] 
[5, 2, 0.4, [465, 4]] 
[5, 2, 0.4, [466, 5]] 
[5, 2, 0.4, [467, 6]] 
[5, 2, 0.4, [468, 7]] 
[5, 2, 0.4, [469, 8]] 
[5, 1, 0.2, [470, 9]] 
[5, 1, 0.2, [471, 10]] 
[5, 1, 0.2, [472, 11]] 
[5, 1, 0.2, [473, 12]] 
[5, 1, 0.2, [474, 13]] 
[5, 1, 0.2, [475, 14]] 
[5, 1, 0.2, [476, 15]] 
[5, 2, 0.4, [477, 16]] 
[5, 1, 0.2, [478, 17]] 
[5, 1, 0.2, [479, 18]] 
[5, 1, 0.2, [480, 19]] 
[5, 0, 0.0, [481, 20]] 
[5, 4, 0.8, [482, 0]] 
[5, 4, 0.8, [483, 1]] 
[5, 2, 0.4, [484, 2]] 
[5, 2, 0.4, [485, 3]] 
[5, 2, 0.4, [486, 4]] 
[5, 2, 0.4, [487, 5]] 
[5, 0, 0.0, [488, 6]] 
[5, 4, 0.8, [489, 0]] 
[5, 3, 0.6, [490, 1]] 
[5, 2, 0.4, [491, 2]] 
[5, 2, 0.4, [492, 3]] 
[5, 2, 0.4, [493, 4]] 
[5, 2, 0.4, [494, 5]] 
[5, 2, 0.4, [495, 6]] 
[5, 2, 0.4, [496, 7]] 
[5, 2, 0.4, [497, 8]] 
[5, 3, 0.6, [498, 9]] 
[5, 2, 0.4, [499, 10]] 
[5, 2, 0.4, [500, 11]] 
[5, 2, 0.4, [501, 12]] 
[5, 2, 0.4, [502, 13]] 
[5, 1, 0.2, [503, 14]] 
[5, 1, 0.2, [504, 15]] 
[5, 1, 0.2, [505, 16]] 
[5, 1, 0.2, [506, 17]] 
[5, 1, 0.2, [507, 18]] 
[5, 1, 0.2, [508, 19]] 
[5, 1, 0.2, [509, 20]] 
[5, 2, 0.4, [510, 21]] 
[5, 1, 0.2, [511, 22]] 
[5, 1, 0.2, [512, 23]] 
[5, 1, 0.2, [513, 24]] 
[5, 1, 0.2, [514, 25]] 
[5, 1, 0.2, [515, 26]] 
[5, 1, 0.2, [516, 27]] 
[5, 1, 0.2, [517, 28]] 
[5, 1, 0.2, [518, 29]] 
[5, 1, 0.2, [519, 30]] 
[5, 4, 0.8, [520, 0]] 
[5, 3, 0.6, [521, 1]] 
[5, 3, 0.6, [522, 2]] 
[5, 2, 0.4, [523, 3]] 
[5, 1, 0.2, [524, 4]] 
[5, 2, 0.4, [525, 5]] 
[5, 1, 0.2, [526, 6]] 
[5, 1, 0.2, [527, 7]] 
[5, 0, 0.0, [528, 8]] 
[5, 4, 0.8, [529, 0]] 
[5, 4, 0.8, [530, 1]] 
[5, 4, 0.8, [531, 2]] 
[5, 4, 0.8, [532, 3]] 
[5, 4, 0.8, [533, 4]] 
[5, 4, 0.8, [534, 5]] 
[5, 3, 0.6, [535, 6]] 
[5, 3, 0.6, [536, 7]] 
[5, 3, 0.6, [537, 8]] 
[5, 3, 0.6, [538, 9]] 
[5, 2, 0.4, [539, 10]] 
[5, 2, 0.4, [540, 11]] 
[5, 1, 0.2, [541, 12]] 
[5, 1, 0.2, [542, 13]] 
[5, 1, 0.2, [543, 14]] 
[5, 1, 0.2, [544, 15]] 
[5, 1, 0.2, [545, 16]] 
[5, 1, 0.2, [546, 17]] 
[5, 1, 0.2, [547, 18]] 
[5, 1, 0.2, [548, 19]] 
[5, 1, 0.2, [549, 20]] 
[5, 1, 0.2, [550, 21]] 
[5, 1, 0.2, [551, 22]] 
[5, 1, 0.2, [552, 23]] 
[5, 1, 0.2, [553, 24]] 
[5, 1, 0.2, [554, 25]] 
[5, 0, 0.0, [555, 26]] 
[5, 4, 0.8, [556, 0]] 
[5, 4, 0.8, [557, 1]] 
[5, 3, 0.6, [558, 2]] 
[5, 3, 0.6, [559, 3]] 
[5, 2, 0.4, [560, 4]] 
[5, 2, 0.4, [561, 5]] 
[5, 2, 0.4, [562, 6]] 
[5, 3, 0.6, [563, 7]] 
[5, 2, 0.4, [564, 8]] 
[5, 3, 0.6, [565, 9]] 
[5, 3, 0.6, [566, 10]] 
[5, 3, 0.6, [567, 11]] 
[5, 3, 0.6, [568, 12]] 
[5, 3, 0.6, [569, 13]] 
[5, 2, 0.4, [570, 14]] 
[5, 2, 0.4, [571, 15]] 
[5, 1, 0.2, [572, 16]] 
[5, 1, 0.2, [573, 17]] 
[5, 1, 0.2, [574, 18]] 
[5, 1, 0.2, [575, 19]] 
[5, 1, 0.2, [576, 20]] 
[5, 1, 0.2, [577, 21]] 
[5, 1, 0.2, [578, 22]] 
[5, 1, 0.2, [579, 23]] 
[5, 0, 0.0, [580, 24]] 
[5, 4, 0.8, [581, 0]] 
[5, 4, 0.8, [582, 1]] 
[5, 4, 0.8, [583, 2]] 
[5, 3, 0.6, [584, 3]] 
[5, 3, 0.6, [585, 4]] 
[5, 2, 0.4, [586, 5]] 
[5, 2, 0.4, [587, 6]] 
[5, 2, 0.4, [588, 7]] 
[5, 2, 0.4, [589, 8]] 
[5, 1, 0.2, [590, 9]] 
[5, 1, 0.2, [591, 10]] 
[5, 1, 0.2, [592, 11]] 
[5, 2, 0.4, [593, 12]] 
[5, 1, 0.2, [594, 13]] 
[5, 1, 0.2, [595, 14]] 
[5, 1, 0.2, [596, 15]] 
[5, 0, 0.0, [597, 16]] 
